1.012961e+000
1.013194e+000
1.012887e+000
1.012529e+000
1.012166e+000
1.011790e+000
1.011457e+000
1.011133e+000
1.010773e+000
1.010356e+000
1.009808e+000
1.009256e+000
1.009091e+000
1.008908e+000
1.008697e+000
1.008507e+000
1.008323e+000
1.008381e+000
1.007723e+000
1.007432e+000
1.007167e+000
1.006911e+000
1.006663e+000
1.006423e+000
1.006196e+000
1.005987e+000
1.005798e+000
1.005629e+000
1.005477e+000
1.005339e+000
1.005214e+000
1.005099e+000
1.004994e+000
1.004897e+000
1.004807e+000
1.004722e+000
1.004643e+000
1.004569e+000
1.004498e+000
1.004431e+000
1.004368e+000
1.004310e+000
1.004256e+000
1.004208e+000
1.004165e+000
1.004128e+000
1.004095e+000
1.004066e+000
1.004043e+000
1.004027e+000
1.004016e+000
1.004012e+000
1.004013e+000
1.004017e+000
1.004022e+000
1.004027e+000
1.004030e+000
1.004032e+000
1.004032e+000
1.004031e+000
1.004029e+000
1.004028e+000
1.004027e+000
1.004027e+000
1.004028e+000
1.004031e+000
1.004036e+000
1.004042e+000
1.004051e+000
1.004061e+000
1.004074e+000
1.004089e+000
1.004106e+000
1.004125e+000
1.004147e+000
1.004171e+000
1.004198e+000
1.004228e+000
1.004261e+000
1.004297e+000
1.004337e+000
1.004381e+000
1.004430e+000
1.004483e+000
1.004541e+000
1.004604e+000
1.004674e+000
1.004751e+000
1.004834e+000
1.004927e+000
1.005028e+000
1.005141e+000
1.005265e+000
1.005402e+000
1.005555e+000
1.005731e+000
1.005908e+000
1.006085e+000
1.006159e+000
1.006146e+000
1.006161e+000
1.006271e+000
1.006113e+000
1.005935e+000
1.005757e+000
1.005574e+000
1.005413e+000
1.005258e+000
1.005086e+000
1.004887e+000
1.004626e+000
1.004363e+000
1.004287e+000
1.004200e+000
1.004101e+000
1.004011e+000
1.003924e+000
1.003953e+000
1.003639e+000
1.003501e+000
1.003376e+000
1.003255e+000
1.003138e+000
1.003024e+000
1.002917e+000
1.002818e+000
1.002729e+000
1.002649e+000
1.002578e+000
1.002513e+000
1.002454e+000
1.002400e+000
1.002350e+000
1.002305e+000
1.002262e+000
1.002223e+000
1.002185e+000
1.002150e+000
1.002117e+000
1.002085e+000
1.002056e+000
1.002028e+000
1.002003e+000
1.001980e+000
1.001960e+000
1.001943e+000
1.001927e+000
1.001914e+000
1.001903e+000
1.001895e+000
1.001890e+000
1.001888e+000
1.001889e+000
1.001891e+000
1.001893e+000
1.001896e+000
1.001897e+000
1.001898e+000
1.001898e+000
1.001897e+000
1.001897e+000
1.001896e+000
1.001895e+000
1.001895e+000
1.001896e+000
1.001897e+000
1.001899e+000
1.001902e+000
1.001906e+000
1.001911e+000
1.001917e+000
1.001924e+000
1.001932e+000
1.001941e+000
1.001952e+000
1.001963e+000
1.001976e+000
1.001990e+000
1.002006e+000
1.002023e+000
1.002042e+000
1.002063e+000
1.002085e+000
1.002110e+000
1.002138e+000
1.002168e+000
1.002201e+000
1.002237e+000
1.002277e+000
1.002320e+000
1.002368e+000
1.002421e+000
1.002480e+000
1.002545e+000
1.002617e+000
1.002700e+000
1.002783e+000
1.002867e+000
1.002902e+000
1.002895e+000
8.651341e-001
8.575942e-001
8.502119e-001
8.430162e-001
8.360150e-001
8.292200e-001
8.226089e-001
8.161794e-001
8.099539e-001
8.039666e-001
7.982938e-001
7.929368e-001
7.876698e-001
7.825100e-001
7.774729e-001
7.725452e-001
7.677238e-001
7.628682e-001
7.583981e-001
7.540889e-001
7.499324e-001
7.459230e-001
7.420568e-001
7.383288e-001
7.347317e-001
7.312553e-001
7.278881e-001
7.246187e-001
7.214372e-001
7.183354e-001
7.153062e-001
7.123437e-001
7.094423e-001
7.065973e-001
7.038046e-001
7.010609e-001
6.983629e-001
6.957083e-001
6.930946e-001
6.905198e-001
6.879815e-001
6.854771e-001
6.830036e-001
6.805580e-001
6.781372e-001
6.757384e-001
6.733587e-001
6.709955e-001
6.686456e-001
6.663056e-001
6.639717e-001
6.616403e-001
6.593087e-001
6.569749e-001
6.546381e-001
6.522984e-001
6.499567e-001
6.476138e-001
6.452708e-001
6.429284e-001
6.405867e-001
6.382459e-001
6.359056e-001
6.335652e-001
6.312238e-001
6.288807e-001
6.265348e-001
6.241850e-001
6.218304e-001
6.194696e-001
6.171015e-001
6.147249e-001
6.123383e-001
6.099406e-001
6.075303e-001
6.051059e-001
6.026659e-001
6.002086e-001
5.977322e-001
5.952346e-001
5.927139e-001
5.901676e-001
5.875933e-001
5.849883e-001
5.823496e-001
5.796740e-001
5.769581e-001
5.741978e-001
5.713889e-001
5.685265e-001
5.656052e-001
5.626188e-001
5.595604e-001
5.564224e-001
5.531958e-001
5.498668e-001
5.464354e-001
5.429013e-001
5.393250e-001
5.357566e-001
8.650816e-001
8.572502e-001
8.496531e-001
8.422983e-001
8.351790e-001
8.282962e-001
8.216183e-001
8.151374e-001
8.088731e-001
8.028586e-001
7.971726e-001
7.918139e-001
7.865407e-001
7.813726e-001
7.763271e-001
7.713907e-001
7.665607e-001
7.616869e-001
7.572218e-001
7.529203e-001
7.487734e-001
7.447757e-001
7.409229e-001
7.372100e-001
7.336294e-001
7.301703e-001
7.268206e-001
7.235686e-001
7.204039e-001
7.173184e-001
7.143048e-001
7.113572e-001
7.084700e-001
7.056387e-001
7.028593e-001
7.001282e-001
6.974427e-001
6.948002e-001
6.921985e-001
6.896355e-001
6.871088e-001
6.846159e-001
6.821538e-001
6.797192e-001
6.773091e-001
6.749206e-001
6.725509e-001
6.701972e-001
6.678564e-001
6.655250e-001
6.631990e-001
6.608750e-001
6.585501e-001
6.562225e-001
6.538917e-001
6.515578e-001
6.492219e-001
6.468851e-001
6.445484e-001
6.422127e-001
6.398781e-001
6.375447e-001
6.352121e-001
6.328795e-001
6.305462e-001
6.282111e-001
6.258734e-001
6.235318e-001
6.211853e-001
6.188325e-001
6.164724e-001
6.141035e-001
6.117247e-001
6.093345e-001
6.069315e-001
6.045143e-001
6.020813e-001
5.996308e-001
5.971610e-001
5.946698e-001
5.921552e-001
5.896148e-001
5.870461e-001
5.844464e-001
5.818128e-001
5.791419e-001
5.764304e-001
5.736742e-001
5.708691e-001
5.680100e-001
5.650916e-001
5.621077e-001
5.590513e-001
5.559147e-001
5.526891e-001
5.493603e-001
5.459288e-001
5.423947e-001
5.388213e-001
5.352597e-001
1.002626e+000
1.002684e+000
1.002613e+000
1.002533e+000
1.002455e+000
1.002375e+000
1.002305e+000
1.002238e+000
1.002163e+000
1.002078e+000
1.001966e+000
1.001854e+000
1.001821e+000
1.001784e+000
1.001742e+000
1.001704e+000
1.001667e+000
1.001679e+000
1.001544e+000
1.001486e+000
1.001432e+000
1.001381e+000
1.001331e+000
1.001283e+000
1.001237e+000
1.001195e+000
1.001157e+000
1.001123e+000
1.001093e+000
1.001065e+000
1.001040e+000
1.001017e+000
1.000996e+000
1.000977e+000
1.000959e+000
1.000942e+000
1.000926e+000
1.000911e+000
1.000897e+000
1.000883e+000
1.000871e+000
1.000859e+000
1.000848e+000
1.000839e+000
1.000830e+000
1.000823e+000
1.000816e+000
1.000811e+000
1.000806e+000
1.000803e+000
1.000801e+000
1.000800e+000
1.000800e+000
1.000801e+000
1.000802e+000
1.000803e+000
1.000803e+000
1.000804e+000
1.000804e+000
1.000803e+000
1.000803e+000
1.000803e+000
1.000802e+000
1.000802e+000
1.000803e+000
1.000803e+000
1.000804e+000
1.000805e+000
1.000807e+000
1.000809e+000
1.000812e+000
1.000815e+000
1.000818e+000
1.000822e+000
1.000826e+000
1.000831e+000
1.000837e+000
1.000843e+000
1.000849e+000
1.000857e+000
1.000865e+000
1.000874e+000
1.000883e+000
1.000894e+000
1.000906e+000
1.000918e+000
1.000932e+000
1.000948e+000
1.000965e+000
1.000983e+000
1.001003e+000
1.001026e+000
1.001051e+000
1.001079e+000
1.001109e+000
1.001145e+000
1.001180e+000
1.001216e+000
1.001231e+000
1.001228e+000
9.983271e-001
9.983176e-001
9.983524e-001
9.983944e-001
9.984380e-001
9.984840e-001
9.985250e-001
9.985653e-001
9.986105e-001
9.986632e-001
9.987330e-001
9.988033e-001
9.988240e-001
9.988474e-001
9.988743e-001
9.988984e-001
9.989219e-001
9.989142e-001
9.989990e-001
9.990360e-001
9.990700e-001
9.991028e-001
9.991348e-001
9.991656e-001
9.991948e-001
9.992218e-001
9.992462e-001
9.992680e-001
9.992876e-001
9.993053e-001
9.993215e-001
9.993363e-001
9.993499e-001
9.993625e-001
9.993741e-001
9.993850e-001
9.993952e-001
9.994048e-001
9.994140e-001
9.994226e-001
9.994307e-001
9.994383e-001
9.994452e-001
9.994514e-001
9.994569e-001
9.994618e-001
9.994660e-001
9.994697e-001
9.994726e-001
9.994748e-001
9.994761e-001
9.994766e-001
9.994765e-001
9.994760e-001
9.994753e-001
9.994746e-001
9.994741e-001
9.994738e-001
9.994737e-001
9.994739e-001
9.994740e-001
9.994742e-001
9.994743e-001
9.994743e-001
9.994741e-001
9.994737e-001
9.994731e-001
9.994722e-001
9.994711e-001
9.994697e-001
9.994681e-001
9.994661e-001
9.994639e-001
9.994614e-001
9.994586e-001
9.994555e-001
9.994520e-001
9.994481e-001
9.994438e-001
9.994391e-001
9.994339e-001
9.994282e-001
9.994220e-001
9.994151e-001
9.994076e-001
9.993994e-001
9.993904e-001
9.993805e-001
9.993697e-001
9.993578e-001
9.993447e-001
9.993302e-001
9.993142e-001
9.992965e-001
9.992768e-001
9.992541e-001
9.992313e-001
9.992085e-001
9.991992e-001
9.992011e-001
9.943651e-001
9.942901e-001
9.944235e-001
9.945780e-001
9.947347e-001
9.948970e-001
9.950405e-001
9.951803e-001
9.953356e-001
9.955159e-001
9.957531e-001
9.959920e-001
9.960621e-001
9.961410e-001
9.962321e-001
9.963137e-001
9.963930e-001
9.963671e-001
9.966537e-001
9.967789e-001
9.968937e-001
9.970042e-001
9.971117e-001
9.972155e-001
9.973138e-001
9.974044e-001
9.974862e-001
9.975594e-001
9.976250e-001
9.976845e-001
9.977387e-001
9.977883e-001
9.978339e-001
9.978759e-001
9.979149e-001
9.979513e-001
9.979855e-001
9.980178e-001
9.980484e-001
9.980773e-001
9.981046e-001
9.981299e-001
9.981530e-001
9.981738e-001
9.981923e-001
9.982086e-001
9.982228e-001
9.982350e-001
9.982449e-001
9.982521e-001
9.982566e-001
9.982583e-001
9.982580e-001
9.982562e-001
9.982539e-001
9.982517e-001
9.982501e-001
9.982493e-001
9.982492e-001
9.982497e-001
9.982504e-001
9.982511e-001
9.982515e-001
9.982515e-001
9.982509e-001
9.982496e-001
9.982475e-001
9.982447e-001
9.982410e-001
9.982364e-001
9.982310e-001
9.982245e-001
9.982171e-001
9.982088e-001
9.981993e-001
9.981888e-001
9.981771e-001
9.981641e-001
9.981498e-001
9.981340e-001
9.981166e-001
9.980975e-001
9.980766e-001
9.980536e-001
9.980284e-001
9.980009e-001
9.979707e-001
9.979375e-001
9.979012e-001
9.978612e-001
9.978172e-001
9.977686e-001
9.977149e-001
9.976554e-001
9.975893e-001
9.975130e-001
9.974364e-001
9.973599e-001
9.973282e-001
9.973345e-001
9.866327e-001
9.863545e-001
9.866883e-001
9.870709e-001
9.874557e-001
9.878510e-001
9.881998e-001
9.885382e-001
9.889122e-001
9.893447e-001
9.899122e-001
9.904834e-001
9.906533e-001
9.908422e-001
9.910601e-001
9.912555e-001
9.914452e-001
9.913855e-001
9.920655e-001
9.923656e-001
9.926392e-001
9.929025e-001
9.931584e-001
9.934055e-001
9.936393e-001
9.938549e-001
9.940494e-001
9.942235e-001
9.943797e-001
9.945211e-001
9.946499e-001
9.947678e-001
9.948761e-001
9.949760e-001
9.950687e-001
9.951552e-001
9.952365e-001
9.953132e-001
9.953859e-001
9.954548e-001
9.955196e-001
9.955798e-001
9.956347e-001
9.956841e-001
9.957281e-001
9.957669e-001
9.958008e-001
9.958298e-001
9.958534e-001
9.958707e-001
9.958814e-001
9.958857e-001
9.958850e-001
9.958810e-001
9.958756e-001
9.958706e-001
9.958669e-001
9.958652e-001
9.958652e-001
9.958665e-001
9.958684e-001
9.958702e-001
9.958713e-001
9.958714e-001
9.958700e-001
9.958670e-001
9.958622e-001
9.958555e-001
9.958469e-001
9.958361e-001
9.958232e-001
9.958080e-001
9.957905e-001
9.957706e-001
9.957483e-001
9.957233e-001
9.956956e-001
9.956649e-001
9.956309e-001
9.955935e-001
9.955522e-001
9.955069e-001
9.954571e-001
9.954026e-001
9.953428e-001
9.952774e-001
9.952057e-001
9.951271e-001
9.950407e-001
9.949458e-001
9.948412e-001
9.947258e-001
9.945981e-001
9.944566e-001
9.942995e-001
9.941180e-001
9.939357e-001
9.937534e-001
9.936769e-001
9.936900e-001
1.851434e-001
1.973941e-001
2.093564e-001
2.209956e-001
2.323063e-001
2.432752e-001
2.539429e-001
2.643156e-001
2.743581e-001
2.840152e-001
2.931613e-001
3.017956e-001
3.102923e-001
3.186217e-001
3.267569e-001
3.347193e-001
3.425131e-001
3.503728e-001
3.575945e-001
3.645565e-001
3.712727e-001
3.777515e-001
3.839993e-001
3.900240e-001
3.958375e-001
4.014564e-001
4.068998e-001
4.121863e-001
4.173319e-001
4.223500e-001
4.272519e-001
4.320474e-001
4.367452e-001
4.413528e-001
4.458768e-001
4.503226e-001
4.546950e-001
4.589981e-001
4.632354e-001
4.674105e-001
4.715269e-001
4.755891e-001
4.796016e-001
4.835696e-001
4.874981e-001
4.913917e-001
4.952549e-001
4.990922e-001
5.029085e-001
5.067096e-001
5.105017e-001
5.142906e-001
5.180808e-001
5.218753e-001
5.256752e-001
5.294803e-001
5.332890e-001
5.370997e-001
5.409106e-001
5.447206e-001
5.485292e-001
5.523364e-001
5.561428e-001
5.599494e-001
5.637574e-001
5.675685e-001
5.713841e-001
5.752060e-001
5.790361e-001
5.828762e-001
5.867282e-001
5.905943e-001
5.944766e-001
5.983771e-001
6.022982e-001
6.062421e-001
6.102115e-001
6.142090e-001
6.182375e-001
6.223003e-001
6.264008e-001
6.305427e-001
6.347299e-001
6.389669e-001
6.432584e-001
6.476095e-001
6.520259e-001
6.565139e-001
6.610805e-001
6.657334e-001
6.704814e-001
6.753344e-001
6.803034e-001
6.854008e-001
6.906408e-001
6.960456e-001
7.016149e-001
7.073482e-001
7.131448e-001
7.189225e-001
2.675519e-001
2.786414e-001
2.894238e-001
2.998785e-001
3.100086e-001
3.198082e-001
3.293188e-001
3.385496e-001
3.474717e-001
3.560385e-001
3.641396e-001
3.717763e-001
3.792840e-001
3.866367e-001
3.938110e-001
4.008265e-001
4.076875e-001
4.146012e-001
4.209468e-001
4.270593e-001
4.329512e-001
4.386305e-001
4.441034e-001
4.493770e-001
4.544624e-001
4.593744e-001
4.641300e-001
4.687459e-001
4.732363e-001
4.776132e-001
4.818866e-001
4.860653e-001
4.901569e-001
4.941683e-001
4.981051e-001
5.019723e-001
5.057743e-001
5.095145e-001
5.131962e-001
5.168226e-001
5.203968e-001
5.239227e-001
5.274045e-001
5.308465e-001
5.342533e-001
5.376290e-001
5.409773e-001
5.443023e-001
5.476083e-001
5.509004e-001
5.541839e-001
5.574638e-001
5.607442e-001
5.640277e-001
5.673152e-001
5.706065e-001
5.739004e-001
5.771954e-001
5.804901e-001
5.837836e-001
5.870754e-001
5.903656e-001
5.936547e-001
5.969438e-001
6.002338e-001
6.035261e-001
6.068223e-001
6.101237e-001
6.134321e-001
6.167491e-001
6.200765e-001
6.234160e-001
6.267696e-001
6.301391e-001
6.335266e-001
6.369342e-001
6.403641e-001
6.438187e-001
6.473006e-001
6.508128e-001
6.543581e-001
6.579400e-001
6.615619e-001
6.652278e-001
6.689420e-001
6.727089e-001
6.765337e-001
6.804219e-001
6.843799e-001
6.884145e-001
6.925336e-001
6.967461e-001
7.010618e-001
7.054919e-001
7.100492e-001
7.147535e-001
7.196050e-001
7.246041e-001
7.296637e-001
7.347124e-001
1.000012e+003
1.000023e+003
1.000034e+003
1.000045e+003
1.000056e+003
1.000066e+003
1.000077e+003
1.000087e+003
1.000097e+003
1.000107e+003
1.000117e+003
1.000126e+003
1.000136e+003
1.000145e+003
1.000154e+003
1.000164e+003
1.000173e+003
1.000182e+003
1.000191e+003
1.000200e+003
1.000208e+003
1.000217e+003
1.000226e+003
1.000234e+003
1.000243e+003
1.000251e+003
1.000260e+003
1.000268e+003
1.000277e+003
1.000285e+003
1.000293e+003
1.000301e+003
1.000310e+003
1.000318e+003
1.000326e+003
1.000334e+003
1.000342e+003
1.000350e+003
1.000358e+003
1.000367e+003
1.000375e+003
1.000383e+003
1.000391e+003
1.000399e+003
1.000407e+003
1.000415e+003
1.000423e+003
1.000431e+003
1.000439e+003
1.000447e+003
1.000455e+003
1.000463e+003
1.000471e+003
1.000479e+003
1.000487e+003
1.000495e+003
1.000503e+003
1.000511e+003
1.000519e+003
1.000527e+003
1.000535e+003
1.000543e+003
1.000551e+003
1.000559e+003
1.000567e+003
1.000575e+003
1.000583e+003
1.000591e+003
1.000599e+003
1.000607e+003
1.000615e+003
1.000623e+003
1.000631e+003
1.000639e+003
1.000647e+003
1.000655e+003
1.000663e+003
1.000671e+003
1.000679e+003
1.000687e+003
1.000695e+003
1.000703e+003
1.000711e+003
1.000719e+003
1.000727e+003
1.000736e+003
1.000744e+003
1.000752e+003
1.000760e+003
1.000768e+003
1.000777e+003
1.000785e+003
1.000793e+003
1.000802e+003
1.000810e+003
1.000818e+003
1.000827e+003
1.000836e+003
1.000844e+003
1.000853e+003
1.000011e+003
1.000022e+003
1.000032e+003
1.000043e+003
1.000053e+003
1.000063e+003
1.000073e+003
1.000083e+003
1.000093e+003
1.000102e+003
1.000112e+003
1.000121e+003
1.000130e+003
1.000139e+003
1.000148e+003
1.000157e+003
1.000166e+003
1.000175e+003
1.000184e+003
1.000192e+003
1.000201e+003
1.000209e+003
1.000218e+003
1.000226e+003
1.000235e+003
1.000243e+003
1.000251e+003
1.000259e+003
1.000268e+003
1.000276e+003
1.000284e+003
1.000292e+003
1.000300e+003
1.000308e+003
1.000316e+003
1.000324e+003
1.000332e+003
1.000340e+003
1.000348e+003
1.000356e+003
1.000364e+003
1.000372e+003
1.000380e+003
1.000388e+003
1.000396e+003
1.000404e+003
1.000412e+003
1.000419e+003
1.000427e+003
1.000435e+003
1.000443e+003
1.000451e+003
1.000459e+003
1.000467e+003
1.000475e+003
1.000482e+003
1.000490e+003
1.000498e+003
1.000506e+003
1.000514e+003
1.000522e+003
1.000530e+003
1.000538e+003
1.000546e+003
1.000553e+003
1.000561e+003
1.000569e+003
1.000577e+003
1.000585e+003
1.000593e+003
1.000601e+003
1.000609e+003
1.000617e+003
1.000625e+003
1.000632e+003
1.000640e+003
1.000648e+003
1.000656e+003
1.000664e+003
1.000672e+003
1.000680e+003
1.000688e+003
1.000696e+003
1.000704e+003
1.000712e+003
1.000720e+003
1.000728e+003
1.000736e+003
1.000744e+003
1.000752e+003
1.000761e+003
1.000769e+003
1.000777e+003
1.000785e+003
1.000793e+003
1.000802e+003
1.000810e+003
1.000818e+003
1.000827e+003
1.000835e+003
9.894013e-001
9.905985e-001
9.917035e-001
9.927212e-001
9.936591e-001
9.945219e-001
9.953214e-001
9.960629e-001
9.967449e-001
9.973635e-001
9.979062e-001
9.983786e-001
9.988290e-001
9.992547e-001
9.996538e-001
1.000030e+000
1.000383e+000
1.000741e+000
1.001029e+000
1.001290e+000
1.001526e+000
1.001739e+000
1.001930e+000
1.002101e+000
1.002254e+000
1.002391e+000
1.002514e+000
1.002625e+000
1.002725e+000
1.002816e+000
1.002898e+000
1.002973e+000
1.003041e+000
1.003103e+000
1.003159e+000
1.003211e+000
1.003257e+000
1.003300e+000
1.003338e+000
1.003373e+000
1.003404e+000
1.003432e+000
1.003457e+000
1.003480e+000
1.003501e+000
1.003519e+000
1.003536e+000
1.003551e+000
1.003565e+000
1.003579e+000
1.003592e+000
1.003604e+000
1.003616e+000
1.003629e+000
1.003642e+000
1.003655e+000
1.003668e+000
1.003681e+000
1.003693e+000
1.003706e+000
1.003719e+000
1.003731e+000
1.003744e+000
1.003756e+000
1.003768e+000
1.003781e+000
1.003793e+000
1.003806e+000
1.003819e+000
1.003833e+000
1.003847e+000
1.003862e+000
1.003877e+000
1.003894e+000
1.003911e+000
1.003929e+000
1.003949e+000
1.003971e+000
1.003993e+000
1.004018e+000
1.004044e+000
1.004073e+000
1.004104e+000
1.004138e+000
1.004174e+000
1.004214e+000
1.004258e+000
1.004306e+000
1.004358e+000
1.004416e+000
1.004479e+000
1.004549e+000
1.004627e+000
1.004712e+000
1.004808e+000
1.004915e+000
1.005034e+000
1.005165e+000
1.005302e+000
1.005436e+000
-1.606911e-004
-3.259842e-004
-4.958222e-004
-6.697253e-004
-8.473522e-004
-1.028309e-003
-1.212520e-003
-1.399743e-003
-1.589490e-003
-1.781112e-003
-1.973484e-003
-2.166162e-003
-2.361027e-003
-2.557788e-003
-2.756144e-003
-2.956076e-003
-3.157476e-003
-3.361684e-003
-3.564344e-003
-3.767365e-003
-3.970654e-003
-4.174103e-003
-4.377600e-003
-4.581055e-003
-4.784409e-003
-4.987645e-003
-5.190772e-003
-5.393809e-003
-5.596773e-003
-5.799672e-003
-6.002513e-003
-6.205298e-003
-6.408028e-003
-6.610704e-003
-6.813324e-003
-7.015883e-003
-7.218376e-003
-7.420796e-003
-7.623135e-003
-7.825386e-003
-8.027546e-003
-8.229617e-003
-8.431605e-003
-8.633521e-003
-8.835378e-003
-9.037187e-003
-9.238962e-003
-9.440717e-003
-9.642473e-003
-9.844255e-003
-1.004609e-002
-1.024802e-002
-1.045006e-002
-1.065223e-002
-1.085454e-002
-1.105698e-002
-1.125957e-002
-1.146228e-002
-1.166510e-002
-1.186804e-002
-1.207108e-002
-1.227424e-002
-1.247750e-002
-1.268089e-002
-1.288440e-002
-1.308805e-002
-1.329184e-002
-1.349581e-002
-1.369994e-002
-1.390427e-002
-1.410881e-002
-1.431358e-002
-1.451860e-002
-1.472388e-002
-1.492946e-002
-1.513535e-002
-1.534158e-002
-1.554819e-002
-1.575521e-002
-1.596266e-002
-1.617060e-002
-1.637906e-002
-1.658809e-002
-1.679774e-002
-1.700808e-002
-1.721916e-002
-1.743107e-002
-1.764387e-002
-1.785766e-002
-1.807255e-002
-1.828865e-002
-1.850610e-002
-1.872505e-002
-1.894567e-002
-1.916818e-002
-1.939285e-002
-1.961984e-002
-1.984930e-002
-2.008061e-002
-2.031318e-002
3.464879e+000
3.492453e+000
3.503940e+000
3.514409e+000
3.524068e+000
3.532848e+000
3.541214e+000
3.548943e+000
3.555751e+000
3.561505e+000
3.565679e+000
3.569204e+000
3.574949e+000
3.580139e+000
3.584802e+000
3.589297e+000
3.593535e+000
3.599165e+000
3.599732e+000
3.602456e+000
3.605021e+000
3.607415e+000
3.609640e+000
3.611721e+000
3.613702e+000
3.615630e+000
3.617536e+000
3.619433e+000
3.621321e+000
3.623194e+000
3.625049e+000
3.626887e+000
3.628707e+000
3.630510e+000
3.632296e+000
3.634064e+000
3.635814e+000
3.637545e+000
3.639260e+000
3.640960e+000
3.642650e+000
3.644338e+000
3.646030e+000
3.647731e+000
3.649445e+000
3.651175e+000
3.652920e+000
3.654686e+000
3.656479e+000
3.658308e+000
3.660178e+000
3.662093e+000
3.664048e+000
3.666037e+000
3.668051e+000
3.670081e+000
3.672123e+000
3.674174e+000
3.676236e+000
3.678312e+000
3.680406e+000
3.682524e+000
3.684670e+000
3.686850e+000
3.689066e+000
3.691322e+000
3.693621e+000
3.695967e+000
3.698363e+000
3.700812e+000
3.703317e+000
3.705883e+000
3.708512e+000
3.711209e+000
3.713978e+000
3.716823e+000
3.719751e+000
3.722766e+000
3.725875e+000
3.729085e+000
3.732404e+000
3.735840e+000
3.739401e+000
3.743099e+000
3.746945e+000
3.750950e+000
3.755129e+000
3.759499e+000
3.764076e+000
3.768883e+000
3.773943e+000
3.779284e+000
3.784936e+000
3.790937e+000
3.797329e+000
3.804211e+000
3.811447e+000
3.819059e+000
3.826232e+000
3.832995e+000
9.299787e-003
8.926197e-003
8.596629e-003
8.262391e-003
7.942398e-003
7.628388e-003
7.354948e-003
7.096065e-003
6.822458e-003
6.520278e-003
6.142466e-003
5.771879e-003
5.654325e-003
5.520574e-003
5.371678e-003
5.239174e-003
5.111584e-003
5.137121e-003
4.710272e-003
4.529483e-003
4.360060e-003
4.197790e-003
4.041023e-003
3.890489e-003
3.748719e-003
3.618487e-003
3.501236e-003
3.396517e-003
3.302648e-003
3.217785e-003
3.140528e-003
3.069900e-003
3.005106e-003
2.945395e-003
2.890050e-003
2.838452e-003
2.790058e-003
2.744419e-003
2.701218e-003
2.660347e-003
2.621950e-003
2.586354e-003
2.553885e-003
2.524701e-003
2.498751e-003
2.475845e-003
2.455807e-003
2.438667e-003
2.424751e-003
2.414511e-003
2.408183e-003
2.405534e-003
2.405837e-003
2.408033e-003
2.410987e-003
2.413733e-003
2.415632e-003
2.416434e-003
2.416217e-003
2.415274e-003
2.413997e-003
2.412775e-003
2.411943e-003
2.411756e-003
2.412396e-003
2.413985e-003
2.416608e-003
2.420333e-003
2.425217e-003
2.431313e-003
2.438666e-003
2.447315e-003
2.457295e-003
2.468644e-003
2.481419e-003
2.495692e-003
2.511562e-003
2.529149e-003
2.548590e-003
2.570036e-003
2.593648e-003
2.619599e-003
2.648076e-003
2.679287e-003
2.713474e-003
2.750888e-003
2.791872e-003
2.836791e-003
2.886081e-003
2.940251e-003
2.999887e-003
3.065663e-003
3.138342e-003
3.218793e-003
3.308022e-003
3.411143e-003
3.513936e-003
3.616325e-003
3.655685e-003
3.643523e-003
6.909931e-003
6.640288e-003
6.389885e-003
6.137703e-003
5.897247e-003
5.662061e-003
5.457658e-003
5.264489e-003
5.060629e-003
4.835698e-003
4.554607e-003
4.279054e-003
4.192069e-003
4.092925e-003
3.982447e-003
3.884151e-003
3.789481e-003
3.808859e-003
3.491054e-003
3.356845e-003
3.231089e-003
3.110652e-003
2.994303e-003
2.882588e-003
2.777394e-003
2.680787e-003
2.593836e-003
2.516203e-003
2.446631e-003
2.383743e-003
2.326497e-003
2.274167e-003
2.226159e-003
2.181916e-003
2.140908e-003
2.102672e-003
2.066807e-003
2.032981e-003
2.000959e-003
1.970661e-003
1.942198e-003
1.915812e-003
1.891747e-003
1.870122e-003
1.850897e-003
1.833929e-003
1.819089e-003
1.806398e-003
1.796098e-003
1.788527e-003
1.783858e-003
1.781918e-003
1.782162e-003
1.783804e-003
1.786000e-003
1.788030e-003
1.789423e-003
1.789995e-003
1.789806e-003
1.789079e-003
1.788104e-003
1.787172e-003
1.786533e-003
1.786377e-003
1.786837e-003
1.788005e-003
1.789943e-003
1.792700e-003
1.796319e-003
1.800838e-003
1.806291e-003
1.812706e-003
1.820108e-003
1.828528e-003
1.838004e-003
1.848593e-003
1.860366e-003
1.873414e-003
1.887837e-003
1.903747e-003
1.921265e-003
1.940517e-003
1.961644e-003
1.984799e-003
2.010161e-003
2.037918e-003
2.068322e-003
2.101646e-003
2.138213e-003
2.178400e-003
2.222643e-003
2.271440e-003
2.325359e-003
2.385045e-003
2.451244e-003
2.527756e-003
2.604006e-003
2.679948e-003
2.709049e-003
2.699920e-003
3.487315e+000
3.516486e+000
3.529312e+000
3.541219e+000
3.552308e+000
3.562545e+000
3.572188e+000
3.581155e+000
3.589327e+000
3.596653e+000
3.602885e+000
3.608463e+000
3.614778e+000
3.620652e+000
3.626101e+000
3.631296e+000
3.636214e+000
3.641604e+000
3.644684e+000
3.648436e+000
3.651973e+000
3.655304e+000
3.658439e+000
3.661399e+000
3.664211e+000
3.666902e+000
3.669497e+000
3.672010e+000
3.674450e+000
3.676822e+000
3.679132e+000
3.681385e+000
3.683587e+000
3.685742e+000
3.687853e+000
3.689925e+000
3.691960e+000
3.693961e+000
3.695931e+000
3.697872e+000
3.699789e+000
3.701686e+000
3.703569e+000
3.705442e+000
3.707308e+000
3.709171e+000
3.711032e+000
3.712896e+000
3.714768e+000
3.716652e+000
3.718554e+000
3.720478e+000
3.722424e+000
3.724391e+000
3.726379e+000
3.728385e+000
3.730407e+000
3.732445e+000
3.734500e+000
3.736573e+000
3.738667e+000
3.740783e+000
3.742925e+000
3.745096e+000
3.747299e+000
3.749535e+000
3.751807e+000
3.754119e+000
3.756473e+000
3.758873e+000
3.761320e+000
3.763820e+000
3.766374e+000
3.768986e+000
3.771661e+000
3.774403e+000
3.777216e+000
3.780104e+000
3.783074e+000
3.786132e+000
3.789283e+000
3.792536e+000
3.795897e+000
3.799376e+000
3.802982e+000
3.806724e+000
3.810616e+000
3.814671e+000
3.818903e+000
3.823330e+000
3.827972e+000
3.832851e+000
3.837992e+000
3.843426e+000
3.849187e+000
3.855340e+000
3.861841e+000
3.868709e+000
3.875545e+000
3.882304e+000
3.487308e+000
3.516480e+000
3.529305e+000
3.541213e+000
3.552301e+000
3.562539e+000
3.572182e+000
3.581150e+000
3.589322e+000
3.596647e+000
3.602880e+000
3.608458e+000
3.614773e+000
3.620647e+000
3.626096e+000
3.631292e+000
3.636210e+000
3.641600e+000
3.644680e+000
3.648432e+000
3.651970e+000
3.655300e+000
3.658436e+000
3.661396e+000
3.664207e+000
3.666899e+000
3.669494e+000
3.672007e+000
3.674447e+000
3.676819e+000
3.679129e+000
3.681382e+000
3.683584e+000
3.685739e+000
3.687851e+000
3.689923e+000
3.691958e+000
3.693959e+000
3.695928e+000
3.697870e+000
3.699787e+000
3.701684e+000
3.703567e+000
3.705440e+000
3.707306e+000
3.709168e+000
3.711030e+000
3.712894e+000
3.714766e+000
3.716650e+000
3.718552e+000
3.720476e+000
3.722422e+000
3.724389e+000
3.726377e+000
3.728383e+000
3.730405e+000
3.732443e+000
3.734498e+000
3.736571e+000
3.738665e+000
3.740781e+000
3.742923e+000
3.745094e+000
3.747296e+000
3.749533e+000
3.751805e+000
3.754117e+000
3.756471e+000
3.758871e+000
3.761318e+000
3.763818e+000
3.766372e+000
3.768984e+000
3.771659e+000
3.774401e+000
3.777213e+000
3.780102e+000
3.783072e+000
3.786130e+000
3.789281e+000
3.792534e+000
3.795895e+000
3.799374e+000
3.802979e+000
3.806722e+000
3.810614e+000
3.814669e+000
3.818901e+000
3.823328e+000
3.827969e+000
3.832848e+000
3.837989e+000
3.843423e+000
3.849184e+000
3.855338e+000
3.861838e+000
3.868706e+000
3.875542e+000
3.882301e+000
3.022116e+000
2.904268e+000
2.843528e+000
2.771680e+000
2.696748e+000
2.617333e+000
2.546521e+000
2.476543e+000
2.397954e+000
2.306250e+000
2.185055e+000
2.063452e+000
2.028748e+000
1.987491e+000
1.940221e+000
1.898085e+000
1.857108e+000
1.870336e+000
1.721810e+000
1.659811e+000
1.601040e+000
1.544345e+000
1.489214e+000
1.435965e+000
1.385560e+000
1.339049e+000
1.297009e+000
1.259334e+000
1.225464e+000
1.194770e+000
1.166772e+000
1.141134e+000
1.117580e+000
1.095848e+000
1.075683e+000
1.056867e+000
1.039204e+000
1.022533e+000
1.006740e+000
9.917853e-001
9.777205e-001
9.646652e-001
9.527400e-001
9.420059e-001
9.324481e-001
9.240020e-001
9.166075e-001
9.102778e-001
9.051330e-001
9.013402e-001
8.989893e-001
8.980017e-001
8.981171e-001
8.989538e-001
9.000987e-001
9.011956e-001
9.020062e-001
9.024310e-001
9.024908e-001
9.022867e-001
9.019563e-001
9.016396e-001
9.014581e-001
9.015061e-001
9.018517e-001
9.025418e-001
9.036100e-001
9.050828e-001
9.069838e-001
9.093340e-001
9.121522e-001
9.154541e-001
9.192543e-001
9.235689e-001
9.284193e-001
9.338346e-001
9.398525e-001
9.465188e-001
9.538860e-001
9.620118e-001
9.709584e-001
9.807922e-001
9.915856e-001
1.003419e+000
1.016386e+000
1.030584e+000
1.046144e+000
1.063208e+000
1.081945e+000
1.102551e+000
1.125253e+000
1.150313e+000
1.178029e+000
1.208740e+000
1.242841e+000
1.282257e+000
1.321746e+000
1.361282e+000
1.377511e+000
1.374506e+000
3.078219e+000
3.016551e+000
2.926264e+000
2.832981e+000
2.742262e+000
2.651132e+000
2.572227e+000
2.496368e+000
2.412912e+000
2.316701e+000
2.190134e+000
2.064106e+000
2.031164e+000
1.990684e+000
1.943425e+000
1.901441e+000
1.860461e+000
1.877314e+000
1.719877e+000
1.656877e+000
1.597308e+000
1.539879e+000
1.484039e+000
1.430138e+000
1.379213e+000
1.332383e+000
1.290242e+000
1.252646e+000
1.218966e+000
1.188514e+000
1.160775e+000
1.135393e+000
1.112084e+000
1.090575e+000
1.070607e+000
1.051955e+000
1.034425e+000
1.017856e+000
1.002136e+000
9.872364e-001
9.732218e-001
9.602273e-001
9.483847e-001
9.377584e-001
9.283293e-001
9.200248e-001
9.127790e-001
9.066062e-001
9.016351e-001
8.980431e-001
8.959202e-001
8.951740e-001
8.955191e-001
8.965456e-001
8.978177e-001
8.989675e-001
8.997588e-001
9.001047e-001
9.000455e-001
8.997032e-001
8.992340e-001
8.987912e-001
8.985043e-001
8.984712e-001
8.987597e-001
8.994152e-001
9.004685e-001
9.019433e-001
9.038605e-001
9.062392e-001
9.090958e-001
9.124442e-001
9.162974e-001
9.206702e-001
9.255833e-001
9.310654e-001
9.371545e-001
9.438968e-001
9.513450e-001
9.595571e-001
9.685954e-001
9.785263e-001
9.894220e-001
1.001363e+000
1.014443e+000
1.028759e+000
1.044443e+000
1.061639e+000
1.080515e+000
1.101269e+000
1.124131e+000
1.149361e+000
1.177260e+000
1.208167e+000
1.242479e+000
1.282185e+000
1.321771e+000
1.361269e+000
1.376416e+000
1.371892e+000
5.677778e-003
5.456630e-003
5.249962e-003
5.042079e-003
4.844019e-003
4.650426e-003
4.482224e-003
4.323325e-003
4.155700e-003
3.970809e-003
3.739823e-003
3.513412e-003
3.441915e-003
3.360440e-003
3.269659e-003
3.188887e-003
3.111096e-003
3.126967e-003
2.865934e-003
2.755685e-003
2.652393e-003
2.553472e-003
2.457914e-003
2.366165e-003
2.279773e-003
2.200436e-003
2.129031e-003
2.065281e-003
2.008150e-003
1.956509e-003
1.909501e-003
1.866529e-003
1.827107e-003
1.790776e-003
1.757101e-003
1.725703e-003
1.696252e-003
1.668474e-003
1.642178e-003
1.617298e-003
1.593924e-003
1.572256e-003
1.552495e-003
1.534736e-003
1.518947e-003
1.505012e-003
1.492824e-003
1.482400e-003
1.473939e-003
1.467717e-003
1.463878e-003
1.462279e-003
1.462473e-003
1.463813e-003
1.465608e-003
1.467266e-003
1.468401e-003
1.468862e-003
1.468699e-003
1.468095e-003
1.467287e-003
1.466517e-003
1.465987e-003
1.465853e-003
1.466227e-003
1.467182e-003
1.468769e-003
1.471029e-003
1.473997e-003
1.477705e-003
1.482180e-003
1.487445e-003
1.493521e-003
1.500432e-003
1.508211e-003
1.516903e-003
1.526569e-003
1.537281e-003
1.549123e-003
1.562186e-003
1.576569e-003
1.592378e-003
1.609725e-003
1.628738e-003
1.649564e-003
1.672356e-003
1.697323e-003
1.724688e-003
1.754716e-003
1.787718e-003
1.824051e-003
1.864125e-003
1.908407e-003
1.957425e-003
2.011793e-003
2.074631e-003
2.137261e-003
2.199645e-003
2.223587e-003
2.216154e-003
4.180185e-003
4.016838e-003
3.863808e-003
3.710095e-003
3.563785e-003
3.420897e-003
3.296789e-003
3.179600e-003
3.056054e-003
2.919858e-003
2.749803e-003
2.583143e-003
2.530425e-003
2.470395e-003
2.403535e-003
2.344043e-003
2.286753e-003
2.298304e-003
2.106371e-003
2.025243e-003
1.949249e-003
1.876478e-003
1.806186e-003
1.738700e-003
1.675159e-003
1.616808e-003
1.564292e-003
1.517404e-003
1.475385e-003
1.437404e-003
1.402830e-003
1.371224e-003
1.342230e-003
1.315509e-003
1.290741e-003
1.267648e-003
1.245987e-003
1.225557e-003
1.206217e-003
1.187919e-003
1.170728e-003
1.154792e-003
1.140257e-003
1.127194e-003
1.115580e-003
1.105328e-003
1.096359e-003
1.088687e-003
1.082457e-003
1.077873e-003
1.075039e-003
1.073850e-003
1.073978e-003
1.074949e-003
1.076254e-003
1.077459e-003
1.078281e-003
1.078609e-003
1.078480e-003
1.078026e-003
1.077425e-003
1.076852e-003
1.076456e-003
1.076352e-003
1.076620e-003
1.077317e-003
1.078479e-003
1.080136e-003
1.082313e-003
1.085034e-003
1.088320e-003
1.092186e-003
1.096649e-003
1.101727e-003
1.107442e-003
1.113830e-003
1.120934e-003
1.128807e-003
1.137511e-003
1.147113e-003
1.157686e-003
1.169307e-003
1.182061e-003
1.196039e-003
1.211351e-003
1.228110e-003
1.246469e-003
1.266591e-003
1.288673e-003
1.312942e-003
1.339663e-003
1.369135e-003
1.401704e-003
1.437758e-003
1.477750e-003
1.523971e-003
1.570052e-003
1.615965e-003
1.633657e-003
1.628309e-003
2.799199e-003
2.689323e-003
2.585939e-003
2.482317e-003
2.383829e-003
2.287770e-003
2.204376e-003
2.125689e-003
2.042814e-003
1.951532e-003
1.837657e-003
1.726082e-003
1.690696e-003
1.650450e-003
1.605651e-003
1.565786e-003
1.527402e-003
1.534999e-003
1.406730e-003
1.352443e-003
1.301609e-003
1.252937e-003
1.205930e-003
1.160804e-003
1.118320e-003
1.079308e-003
1.044196e-003
1.012848e-003
9.847549e-004
9.593611e-004
9.362454e-004
9.151143e-004
8.957286e-004
8.778632e-004
8.613033e-004
8.458633e-004
8.313812e-004
8.177224e-004
8.047926e-004
7.925595e-004
7.810669e-004
7.704127e-004
7.606947e-004
7.519601e-004
7.441925e-004
7.373348e-004
7.313341e-004
7.261993e-004
7.220274e-004
7.189534e-004
7.170474e-004
7.162395e-004
7.163106e-004
7.169442e-004
7.178011e-004
7.185923e-004
7.191288e-004
7.193363e-004
7.192396e-004
7.189278e-004
7.185182e-004
7.181278e-004
7.178565e-004
7.177808e-004
7.179546e-004
7.184144e-004
7.191854e-004
7.202872e-004
7.217371e-004
7.235506e-004
7.257413e-004
7.283204e-004
7.312984e-004
7.346871e-004
7.385026e-004
7.427674e-004
7.475109e-004
7.527689e-004
7.585824e-004
7.649967e-004
7.720600e-004
7.798241e-004
7.883451e-004
7.976855e-004
8.079176e-004
8.191172e-004
8.313867e-004
8.448357e-004
8.595954e-004
8.758183e-004
8.936807e-004
9.133845e-004
9.351594e-004
9.592666e-004
9.860088e-004
1.016917e-003
1.047743e-003
1.078472e-003
1.090387e-003
1.086934e-003
7.984793e-005
7.665392e-005
7.358876e-005
7.054268e-005
6.766482e-005
6.487303e-005
6.245454e-005
6.017982e-005
5.779380e-005
5.517542e-005
5.192155e-005
4.873766e-005
4.771750e-005
4.656280e-005
4.528078e-005
4.413969e-005
4.304183e-005
4.324287e-005
3.961189e-005
3.806774e-005
3.662401e-005
3.524268e-005
3.390951e-005
3.263050e-005
3.142691e-005
3.032201e-005
2.932777e-005
2.844017e-005
2.764478e-005
2.692588e-005
2.627151e-005
2.567336e-005
2.512463e-005
2.461896e-005
2.415028e-005
2.371331e-005
2.330350e-005
2.291703e-005
2.255124e-005
2.220521e-005
2.188013e-005
2.157875e-005
2.130378e-005
2.105653e-005
2.083653e-005
2.064216e-005
2.047192e-005
2.032604e-005
2.020724e-005
2.011927e-005
2.006409e-005
2.003973e-005
2.004005e-005
2.005619e-005
2.007866e-005
2.009936e-005
2.011302e-005
2.011755e-005
2.011365e-005
2.010382e-005
2.009135e-005
2.007951e-005
2.007109e-005
2.006825e-005
2.007247e-005
2.008480e-005
2.010594e-005
2.013643e-005
2.017677e-005
2.022740e-005
2.028868e-005
2.036096e-005
2.044452e-005
2.053969e-005
2.064695e-005
2.076693e-005
2.090045e-005
2.104853e-005
2.121234e-005
2.139315e-005
2.159232e-005
2.181133e-005
2.205177e-005
2.231542e-005
2.260432e-005
2.292063e-005
2.326727e-005
2.364734e-005
2.406458e-005
2.452332e-005
2.502858e-005
2.558612e-005
2.620247e-005
2.688511e-005
2.764268e-005
2.851831e-005
2.939321e-005
3.026693e-005
3.061426e-005
3.053054e-005
2.245201e-002
2.404916e-002
2.538740e-002
2.682535e-002
2.825385e-002
2.971130e-002
3.098797e-002
3.222512e-002
3.358903e-002
3.515980e-002
3.721726e-002
3.926949e-002
3.983942e-002
4.052300e-002
4.130944e-002
4.200856e-002
4.268825e-002
4.244875e-002
4.496033e-002
4.598816e-002
4.696042e-002
4.789720e-002
4.880736e-002
4.968555e-002
5.051551e-002
5.127955e-002
5.196815e-002
5.258342e-002
5.313513e-002
5.363412e-002
5.408858e-002
5.450418e-002
5.488557e-002
5.523712e-002
5.556305e-002
5.586703e-002
5.615224e-002
5.642134e-002
5.667619e-002
5.691735e-002
5.714388e-002
5.735369e-002
5.754470e-002
5.771589e-002
5.786751e-002
5.800068e-002
5.811644e-002
5.821452e-002
5.829289e-002
5.834868e-002
5.838039e-002
5.838940e-002
5.838015e-002
5.835912e-002
5.833330e-002
5.830861e-002
5.828897e-002
5.827591e-002
5.826894e-002
5.826623e-002
5.826534e-002
5.826387e-002
5.825972e-002
5.825131e-002
5.823748e-002
5.821746e-002
5.819069e-002
5.815674e-002
5.811519e-002
5.806569e-002
5.800792e-002
5.794158e-002
5.786640e-002
5.778209e-002
5.768825e-002
5.758433e-002
5.746964e-002
5.734335e-002
5.720451e-002
5.705205e-002
5.688483e-002
5.670164e-002
5.650113e-002
5.628180e-002
5.604192e-002
5.577965e-002
5.549254e-002
5.517795e-002
5.483271e-002
5.445314e-002
5.403493e-002
5.357313e-002
5.306206e-002
5.249518e-002
5.186483e-002
5.113623e-002
5.040071e-002
4.965752e-002
4.931990e-002
4.931614e-002
2.244246e-002
2.403987e-002
2.537833e-002
2.681654e-002
2.824529e-002
2.970301e-002
3.097991e-002
3.221728e-002
3.358144e-002
3.515251e-002
3.721036e-002
3.926297e-002
3.983300e-002
4.051671e-002
4.130330e-002
4.200255e-002
4.268237e-002
4.244282e-002
4.495489e-002
4.598291e-002
4.695535e-002
4.789231e-002
4.880265e-002
4.968101e-002
5.051113e-002
5.127532e-002
5.196405e-002
5.257944e-002
5.313126e-002
5.363034e-002
5.408489e-002
5.450057e-002
5.488203e-002
5.523365e-002
5.555965e-002
5.586368e-002
5.614895e-002
5.641810e-002
5.667300e-002
5.691421e-002
5.714079e-002
5.735063e-002
5.754168e-002
5.771290e-002
5.786455e-002
5.799775e-002
5.811353e-002
5.821164e-002
5.829002e-002
5.834582e-002
5.837754e-002
5.838655e-002
5.837729e-002
5.835627e-002
5.833044e-002
5.830575e-002
5.828610e-002
5.827305e-002
5.826608e-002
5.826336e-002
5.826248e-002
5.826101e-002
5.825686e-002
5.824845e-002
5.823462e-002
5.821460e-002
5.818783e-002
5.815386e-002
5.811231e-002
5.806281e-002
5.800502e-002
5.793867e-002
5.786349e-002
5.777916e-002
5.768530e-002
5.758136e-002
5.746666e-002
5.734035e-002
5.720148e-002
5.704899e-002
5.688175e-002
5.669853e-002
5.649798e-002
5.627861e-002
5.603869e-002
5.577637e-002
5.548922e-002
5.517457e-002
5.482928e-002
5.444964e-002
5.403136e-002
5.356948e-002
5.305832e-002
5.249134e-002
5.186089e-002
5.113216e-002
5.039652e-002
4.965320e-002
4.931553e-002
4.931179e-002
-3.612492e+000
-3.516395e+000
-3.433623e+000
-3.340876e+000
-3.246602e+000
-3.148473e+000
-3.062027e+000
-2.977349e+000
-2.882563e+000
-2.771958e+000
-2.625266e+000
-2.478362e+000
-2.438856e+000
-2.390857e+000
-2.335103e+000
-2.285501e+000
-2.237124e+000
-2.256014e+000
-2.072895e+000
-1.998364e+000
-1.927778e+000
-1.859656e+000
-1.793361e+000
-1.729303e+000
-1.668690e+000
-1.612838e+000
-1.562459e+000
-1.517409e+000
-1.476981e+000
-1.440386e+000
-1.407026e+000
-1.376490e+000
-1.348441e+000
-1.322560e+000
-1.298539e+000
-1.276112e+000
-1.255045e+000
-1.235144e+000
-1.216275e+000
-1.198395e+000
-1.181578e+000
-1.165978e+000
-1.151750e+000
-1.138969e+000
-1.127617e+000
-1.117612e+000
-1.108878e+000
-1.101433e+000
-1.095428e+000
-1.091073e+000
-1.088477e+000
-1.087538e+000
-1.087926e+000
-1.089161e+000
-1.090727e+000
-1.092186e+000
-1.093248e+000
-1.093801e+000
-1.093881e+000
-1.093622e+000
-1.093204e+000
-1.092804e+000
-1.092573e+000
-1.092630e+000
-1.093057e+000
-1.093908e+000
-1.095224e+000
-1.097035e+000
-1.099367e+000
-1.102244e+000
-1.105689e+000
-1.109717e+000
-1.114347e+000
-1.119595e+000
-1.125488e+000
-1.132059e+000
-1.139354e+000
-1.147429e+000
-1.156345e+000
-1.166173e+000
-1.176987e+000
-1.188867e+000
-1.201898e+000
-1.216177e+000
-1.231815e+000
-1.248928e+000
-1.267674e+000
-1.288222e+000
-1.310773e+000
-1.335562e+000
-1.362861e+000
-1.392980e+000
-1.426275e+000
-1.463149e+000
-1.504069e+000
-1.551393e+000
-1.598595e+000
-1.645668e+000
-1.663828e+000
-1.658414e+000
-3.290114e+000
-3.183086e+000
-3.094969e+000
-3.000870e+000
-2.907707e+000
-2.812862e+000
-2.729901e+000
-2.649563e+000
-2.560993e+000
-2.458969e+000
-2.325314e+000
-2.192023e+000
-2.154986e+000
-2.110498e+000
-2.059291e+000
-2.013711e+000
-1.969351e+000
-1.984500e+000
-1.821418e+000
-1.754511e+000
-1.691192e+000
-1.630183e+000
-1.570912e+000
-1.513730e+000
-1.459686e+000
-1.409922e+000
-1.365049e+000
-1.324927e+000
-1.288922e+000
-1.256331e+000
-1.226622e+000
-1.199429e+000
-1.174452e+000
-1.151404e+000
-1.130015e+000
-1.110046e+000
-1.091293e+000
-1.073582e+000
-1.056795e+000
-1.040893e+000
-1.025938e+000
-1.012062e+000
-9.993970e-001
-9.880080e-001
-9.778758e-001
-9.689275e-001
-9.610956e-001
-9.543942e-001
-9.489531e-001
-9.449524e-001
-9.424859e-001
-9.414628e-001
-9.415960e-001
-9.424696e-001
-9.436380e-001
-9.447216e-001
-9.454717e-001
-9.457910e-001
-9.457121e-001
-9.453522e-001
-9.448658e-001
-9.444068e-001
-9.441068e-001
-9.440667e-001
-9.443579e-001
-9.450289e-001
-9.461135e-001
-9.476382e-001
-9.496265e-001
-9.520997e-001
-9.550766e-001
-9.585729e-001
-9.626034e-001
-9.671849e-001
-9.723398e-001
-9.780991e-001
-9.845031e-001
-9.916006e-001
-9.994478e-001
-1.008106e+000
-1.017642e+000
-1.028127e+000
-1.039637e+000
-1.052259e+000
-1.066093e+000
-1.081244e+000
-1.097852e+000
-1.116070e+000
-1.136078e+000
-1.158089e+000
-1.182346e+000
-1.209130e+000
-1.238763e+000
-1.271611e+000
-1.308101e+000
-1.350305e+000
-1.392578e+000
-1.434933e+000
-1.452276e+000
-1.449170e+000
-1.158564e-001
-1.132908e-001
-1.110952e-001
-1.089627e-001
-1.069691e-001
-1.050691e-001
-1.034099e-001
-1.018646e-001
-1.003017e-001
-9.866471e-002
-9.676217e-002
-9.495494e-002
-9.424173e-002
-9.347438e-002
-9.266275e-002
-9.193582e-002
-9.124431e-002
-9.117726e-002
-8.931650e-002
-8.847895e-002
-8.770235e-002
-8.697053e-002
-8.627562e-002
-8.561906e-002
-8.500900e-002
-8.445426e-002
-8.395839e-002
-8.351794e-002
-8.312511e-002
-8.277187e-002
-8.245209e-002
-8.216142e-002
-8.189633e-002
-8.165353e-002
-8.142998e-002
-8.122307e-002
-8.103052e-002
-8.085046e-002
-8.068152e-002
-8.052315e-002
-8.037568e-002
-8.024014e-002
-8.011752e-002
-8.000822e-002
-7.991187e-002
-7.982763e-002
-7.975473e-002
-7.969318e-002
-7.964402e-002
-7.960878e-002
-7.958820e-002
-7.958133e-002
-7.958545e-002
-7.959669e-002
-7.961091e-002
-7.962464e-002
-7.963559e-002
-7.964290e-002
-7.964689e-002
-7.964867e-002
-7.964968e-002
-7.965138e-002
-7.965497e-002
-7.966140e-002
-7.967132e-002
-7.968519e-002
-7.970331e-002
-7.972593e-002
-7.975327e-002
-7.978553e-002
-7.982289e-002
-7.986552e-002
-7.991356e-002
-7.996720e-002
-8.002666e-002
-8.009228e-002
-8.016447e-002
-8.024375e-002
-8.033070e-002
-8.042599e-002
-8.053033e-002
-8.064450e-002
-8.076935e-002
-8.090586e-002
-8.105517e-002
-8.121848e-002
-8.139743e-002
-8.159379e-002
-8.180969e-002
-8.204768e-002
-8.231073e-002
-8.260231e-002
-8.292649e-002
-8.328803e-002
-8.369259e-002
-8.416393e-002
-8.464286e-002
-8.513044e-002
-8.534796e-002
-8.534185e-002
-1.098788e-001
-1.076760e-001
-1.058016e-001
-1.039788e-001
-1.022706e-001
-1.006398e-001
-9.920958e-002
-9.787471e-002
-9.652583e-002
-9.511562e-002
-9.348289e-002
-9.193055e-002
-9.130195e-002
-9.062808e-002
-8.991770e-002
-8.927992e-002
-8.867299e-002
-8.859615e-002
-8.699723e-002
-8.626954e-002
-8.559414e-002
-8.495760e-002
-8.435321e-002
-8.378219e-002
-8.325154e-002
-8.276878e-002
-8.233698e-002
-8.195317e-002
-8.161065e-002
-8.130251e-002
-8.102348e-002
-8.076981e-002
-8.053843e-002
-8.032652e-002
-8.013144e-002
-7.995092e-002
-7.978300e-002
-7.962605e-002
-7.947890e-002
-7.934103e-002
-7.921275e-002
-7.909492e-002
-7.898840e-002
-7.889352e-002
-7.880995e-002
-7.873696e-002
-7.867389e-002
-7.862071e-002
-7.857834e-002
-7.854809e-002
-7.853059e-002
-7.852501e-002
-7.852898e-002
-7.853915e-002
-7.855194e-002
-7.856434e-002
-7.857437e-002
-7.858129e-002
-7.858538e-002
-7.858760e-002
-7.858922e-002
-7.859148e-002
-7.859543e-002
-7.860190e-002
-7.861145e-002
-7.862447e-002
-7.864123e-002
-7.866195e-002
-7.868681e-002
-7.871599e-002
-7.874965e-002
-7.878793e-002
-7.883096e-002
-7.887890e-002
-7.893196e-002
-7.899042e-002
-7.905465e-002
-7.912509e-002
-7.920227e-002
-7.928677e-002
-7.937921e-002
-7.948027e-002
-7.959071e-002
-7.971139e-002
-7.984331e-002
-7.998753e-002
-8.014549e-002
-8.031875e-002
-8.050920e-002
-8.071907e-002
-8.095099e-002
-8.120803e-002
-8.149378e-002
-8.181245e-002
-8.216904e-002
-8.258442e-002
-8.300688e-002
-8.343751e-002
-8.363239e-002
-8.363203e-002
2.728727e+001
2.648428e+001
2.580872e+001
2.507008e+001
2.432911e+001
2.356625e+001
2.289655e+001
2.224421e+001
2.151938e+001
2.067881e+001
1.957055e+001
1.846289e+001
1.816030e+001
1.779468e+001
1.737185e+001
1.699558e+001
1.662897e+001
1.676353e+001
1.539493e+001
1.483580e+001
1.430645e+001
1.379597e+001
1.329959e+001
1.282030e+001
1.236704e+001
1.194952e+001
1.157298e+001
1.123628e+001
1.093412e+001
1.066061e+001
1.041130e+001
1.018308e+001
9.973458e+000
9.780036e+000
9.600520e+000
9.432922e+000
9.275503e+000
9.126817e+000
8.985860e+000
8.852316e+000
8.726715e+000
8.610192e+000
8.503877e+000
8.408330e+000
8.323401e+000
8.248474e+000
8.182986e+000
8.127062e+000
8.081813e+000
8.048780e+000
8.028768e+000
8.021013e+000
8.023073e+000
8.031407e+000
8.042218e+000
8.052268e+000
8.059434e+000
8.062881e+000
8.062884e+000
8.060440e+000
8.056863e+000
8.053466e+000
8.051371e+000
8.051437e+000
8.054274e+000
8.060293e+000
8.069782e+000
8.082967e+000
8.100046e+000
8.121199e+000
8.146582e+000
8.176330e+000
8.210564e+000
8.249423e+000
8.293096e+000
8.341841e+000
8.395997e+000
8.455974e+000
8.522245e+000
8.595326e+000
8.675773e+000
8.764183e+000
8.861200e+000
8.967544e+000
9.084052e+000
9.211597e+000
9.351359e+000
9.504606e+000
9.672851e+000
9.857858e+000
1.006167e+001
1.028662e+001
1.053539e+001
1.081101e+001
1.111702e+001
1.147095e+001
1.182466e+001
1.217818e+001
1.231853e+001
1.228485e+001
