990.839798190176	
995.642183193512
45394.9578998239	
45399.8031678687	
998.099116754778	
1001.08457746813	
1003.86079275166	
1009.63028460107	
5349.29681549647	
7938.77677810487	
9.99999999990961e-009
9.99999999951751e-009  	
296.426156125371 
4.85206342523359e-010	
2.52530007313836 	
-.00644330843690865	
 -.00481386856906021	
2.63611754424942	
2.63612219273251	
-2.03457180264378e-005	
-2.01185975593981e-005
-.00397997748686913
-.0029661799333815
-.00202317892209363
-6.15715500279643e-005	
.110807355653875	
.110813326712206	
2.16494392253092e-005	
2.41364462175482e-005	
1.41114862107269e-025
-1.2427281305745e-024
18.1	        				