1.025895e+000
1.026869e+000
1.026913e+000
1.026923e+000
1.026926e+000
1.026926e+000
1.026927e+000
1.026930e+000
1.026938e+000
1.026951e+000
1.026970e+000
1.026992e+000
1.027014e+000
1.027034e+000
1.027050e+000
1.027061e+000
1.027069e+000
1.027073e+000
1.027076e+000
1.027078e+000
1.027072e+000
1.027061e+000
1.027068e+000
1.027099e+000
1.023782e+000
1.019219e+000
1.015447e+000
1.012412e+000
1.009989e+000
1.008058e+000
1.006518e+000
1.005287e+000
1.004301e+000
1.003507e+000
1.002867e+000
1.002349e+000
1.001928e+000
1.001586e+000
1.001306e+000
1.001078e+000
1.000729e+000
1.000487e+000
1.000326e+000
1.000218e+000
1.000146e+000
1.000098e+000
1.000066e+000
1.000044e+000
1.000030e+000
1.000020e+000
1.012342e+000
1.012746e+000
1.012748e+000
1.012742e+000
1.012737e+000
1.012732e+000
1.012728e+000
1.012723e+000
1.012719e+000
1.012714e+000
1.012709e+000
1.012705e+000
1.012701e+000
1.012699e+000
1.012699e+000
1.012702e+000
1.012706e+000
1.012712e+000
1.012720e+000
1.012731e+000
1.012745e+000
1.012763e+000
1.012783e+000
1.012808e+000
1.011235e+000
1.009071e+000
1.007288e+000
1.005856e+000
1.004713e+000
1.003802e+000
1.003077e+000
1.002496e+000
1.002031e+000
1.001657e+000
1.001355e+000
1.001111e+000
1.000912e+000
1.000751e+000
1.000619e+000
1.000510e+000
1.000345e+000
1.000231e+000
1.000154e+000
1.000103e+000
1.000069e+000
1.000047e+000
1.000032e+000
1.000022e+000
1.000015e+000
1.000010e+000
8.559617e-001
8.388500e-001
8.216813e-001
8.044802e-001
7.872617e-001
7.700330e-001
7.527943e-001
7.355398e-001
7.182594e-001
7.009410e-001
6.835741e-001
6.661530e-001
6.486787e-001
6.311591e-001
6.136066e-001
5.960349e-001
5.784569e-001
5.608824e-001
5.433183e-001
5.257713e-001
5.082679e-001
4.908240e-001
4.734067e-001
4.559769e-001
4.407149e-001
4.283881e-001
4.184683e-001
4.104916e-001
4.040699e-001
3.988889e-001
3.946983e-001
3.912996e-001
3.885358e-001
3.862826e-001
3.844413e-001
3.829334e-001
3.816959e-001
3.806787e-001
3.798412e-001
3.791507e-001
3.786857e-001
3.783745e-001
3.781663e-001
3.780270e-001
3.779337e-001
3.778714e-001
3.778297e-001
3.778018e-001
3.777831e-001
3.777706e-001
8.552676e-001
8.375556e-001
8.199006e-001
8.022780e-001
7.846727e-001
7.670777e-001
7.494927e-001
7.319234e-001
7.143801e-001
6.968747e-001
6.794180e-001
6.620154e-001
6.446659e-001
6.273617e-001
6.100905e-001
5.928385e-001
5.755928e-001
5.583436e-001
5.410839e-001
5.238072e-001
5.064869e-001
4.891070e-001
4.717006e-001
4.543066e-001
4.391798e-001
4.270559e-001
4.173501e-001
4.095703e-001
4.033187e-001
3.982799e-001
3.942060e-001
3.909019e-001
3.882145e-001
3.860227e-001
3.842307e-001
3.827624e-001
3.815568e-001
3.805653e-001
3.797486e-001
3.790749e-001
3.786261e-001
3.783290e-001
3.781322e-001
3.780019e-001
3.779155e-001
3.778583e-001
3.778203e-001
3.777951e-001
3.777784e-001
3.777673e-001
1.005262e+000
1.005434e+000
1.005429e+000
1.005421e+000
1.005415e+000
1.005410e+000
1.005406e+000
1.005401e+000
1.005395e+000
1.005390e+000
1.005383e+000
1.005377e+000
1.005372e+000
1.005368e+000
1.005367e+000
1.005369e+000
1.005373e+000
1.005379e+000
1.005388e+000
1.005399e+000
1.005414e+000
1.005435e+000
1.005456e+000
1.005480e+000
1.004816e+000
1.003892e+000
1.003130e+000
1.002517e+000
1.002027e+000
1.001637e+000
1.001325e+000
1.001076e+000
1.000877e+000
1.000716e+000
1.000586e+000
1.000480e+000
1.000395e+000
1.000325e+000
1.000268e+000
1.000222e+000
1.000150e+000
1.000101e+000
1.000068e+000
1.000046e+000
1.000031e+000
1.000021e+000
1.000015e+000
1.000010e+000
1.000007e+000
1.000005e+000
9.966433e-001
9.965341e-001
9.965212e-001
9.965135e-001
9.965075e-001
9.965026e-001
9.964979e-001
9.964932e-001
9.964879e-001
9.964820e-001
9.964757e-001
9.964695e-001
9.964644e-001
9.964610e-001
9.964599e-001
9.964615e-001
9.964655e-001
9.964719e-001
9.964804e-001
9.964912e-001
9.965069e-001
9.965272e-001
9.965482e-001
9.965729e-001
9.970156e-001
9.976005e-001
9.980787e-001
9.984613e-001
9.987655e-001
9.990069e-001
9.991988e-001
9.993518e-001
9.994740e-001
9.995721e-001
9.996511e-001
9.997149e-001
9.997666e-001
9.998086e-001
9.998428e-001
9.998708e-001
9.999136e-001
9.999431e-001
9.999628e-001
9.999759e-001
9.999846e-001
9.999903e-001
9.999940e-001
9.999965e-001
9.999981e-001
9.999991e-001
9.887072e-001
9.883346e-001
9.883158e-001
9.883090e-001
9.883041e-001
9.883002e-001
9.882965e-001
9.882926e-001
9.882881e-001
9.882826e-001
9.882766e-001
9.882705e-001
9.882651e-001
9.882612e-001
9.882595e-001
9.882600e-001
9.882627e-001
9.882674e-001
9.882739e-001
9.882823e-001
9.882950e-001
9.883115e-001
9.883276e-001
9.883453e-001
9.898040e-001
9.917799e-001
9.934039e-001
9.947066e-001
9.957445e-001
9.965703e-001
9.972280e-001
9.977531e-001
9.981737e-001
9.985116e-001
9.987841e-001
9.990045e-001
9.991834e-001
9.993290e-001
9.994477e-001
9.995449e-001
9.996935e-001
9.997963e-001
9.998648e-001
9.999104e-001
9.999408e-001
9.999610e-001
9.999744e-001
9.999833e-001
9.999891e-001
9.999930e-001
9.732964e-001
9.723028e-001
9.722835e-001
9.722931e-001
9.723050e-001
9.723172e-001
9.723282e-001
9.723370e-001
9.723425e-001
9.723442e-001
9.723421e-001
9.723364e-001
9.723278e-001
9.723169e-001
9.723039e-001
9.722889e-001
9.722715e-001
9.722510e-001
9.722266e-001
9.721974e-001
9.721643e-001
9.721237e-001
9.720642e-001
9.719727e-001
9.753642e-001
9.800746e-001
9.839736e-001
9.871132e-001
9.896219e-001
9.916224e-001
9.932188e-001
9.944957e-001
9.955198e-001
9.963439e-001
9.970092e-001
9.975479e-001
9.979856e-001
9.983421e-001
9.986333e-001
9.988717e-001
9.992350e-001
9.994872e-001
9.996556e-001
9.997681e-001
9.998432e-001
9.998935e-001
9.999271e-001
9.999497e-001
9.999650e-001
9.999753e-001
2.006332e-001
2.287681e-001
2.569487e-001
2.851748e-001
3.134463e-001
3.417610e-001
3.701152e-001
3.985034e-001
4.269185e-001
4.553526e-001
4.837972e-001
5.122429e-001
5.406797e-001
5.690974e-001
5.974851e-001
6.258309e-001
6.541224e-001
6.823459e-001
7.104860e-001
7.385250e-001
7.664407e-001
7.942025e-001
8.217600e-001
8.490227e-001
8.725735e-001
8.913850e-001
9.063955e-001
9.183875e-001
9.279915e-001
9.357063e-001
9.419231e-001
9.469481e-001
9.510217e-001
9.543328e-001
9.570306e-001
9.592332e-001
9.610349e-001
9.625109e-001
9.637217e-001
9.647160e-001
9.653713e-001
9.657977e-001
9.660726e-001
9.662474e-001
9.663563e-001
9.664222e-001
9.664599e-001
9.664796e-001
9.664878e-001
9.664888e-001
2.808913e-001
3.056333e-001
3.303297e-001
3.549805e-001
3.795860e-001
4.041482e-001
4.286709e-001
4.531597e-001
4.776216e-001
5.020643e-001
5.264967e-001
5.509280e-001
5.753681e-001
5.998273e-001
6.243166e-001
6.488478e-001
6.734332e-001
6.980866e-001
7.228235e-001
7.476615e-001
7.726227e-001
7.977378e-001
8.230572e-001
8.486715e-001
8.712636e-001
8.895787e-001
9.043678e-001
9.163008e-001
9.259402e-001
9.337432e-001
9.400755e-001
9.452280e-001
9.494316e-001
9.528699e-001
9.556890e-001
9.580056e-001
9.599134e-001
9.614874e-001
9.627885e-001
9.638656e-001
9.645977e-001
9.650950e-001
9.654351e-001
9.656698e-001
9.658335e-001
9.659493e-001
9.660325e-001
9.660935e-001
9.661391e-001
9.661739e-001
1.000018e+003
1.000035e+003
1.000051e+003
1.000066e+003
1.000081e+003
1.000096e+003
1.000110e+003
1.000124e+003
1.000137e+003
1.000150e+003
1.000163e+003
1.000175e+003
1.000187e+003
1.000199e+003
1.000211e+003
1.000223e+003
1.000234e+003
1.000246e+003
1.000257e+003
1.000269e+003
1.000280e+003
1.000293e+003
1.000305e+003
1.000320e+003
1.000334e+003
1.000347e+003
1.000359e+003
1.000370e+003
1.000380e+003
1.000390e+003
1.000399e+003
1.000408e+003
1.000416e+003
1.000424e+003
1.000432e+003
1.000440e+003
1.000447e+003
1.000454e+003
1.000462e+003
1.000469e+003
1.000476e+003
1.000482e+003
1.000489e+003
1.000496e+003
1.000502e+003
1.000509e+003
1.000515e+003
1.000522e+003
1.000528e+003
1.000535e+003
1.000016e+003
1.000031e+003
1.000046e+003
1.000060e+003
1.000074e+003
1.000088e+003
1.000101e+003
1.000113e+003
1.000126e+003
1.000138e+003
1.000149e+003
1.000161e+003
1.000172e+003
1.000183e+003
1.000194e+003
1.000205e+003
1.000216e+003
1.000226e+003
1.000237e+003
1.000248e+003
1.000259e+003
1.000270e+003
1.000282e+003
1.000295e+003
1.000309e+003
1.000321e+003
1.000333e+003
1.000343e+003
1.000353e+003
1.000363e+003
1.000372e+003
1.000380e+003
1.000388e+003
1.000396e+003
1.000404e+003
1.000412e+003
1.000419e+003
1.000426e+003
1.000434e+003
1.000441e+003
1.000448e+003
1.000454e+003
1.000461e+003
1.000468e+003
1.000474e+003
1.000481e+003
1.000487e+003
1.000494e+003
1.000500e+003
1.000507e+003
9.933093e-001
9.983704e-001
1.003314e+000
1.008170e+000
1.012961e+000
1.017700e+000
1.022401e+000
1.027074e+000
1.031726e+000
1.036366e+000
1.041000e+000
1.045633e+000
1.050274e+000
1.054927e+000
1.059599e+000
1.064297e+000
1.069030e+000
1.073805e+000
1.078636e+000
1.083536e+000
1.088523e+000
1.093625e+000
1.098878e+000
1.104349e+000
1.108703e+000
1.111630e+000
1.113574e+000
1.114855e+000
1.115691e+000
1.116229e+000
1.116568e+000
1.116774e+000
1.116890e+000
1.116945e+000
1.116960e+000
1.116948e+000
1.116917e+000
1.116873e+000
1.116820e+000
1.116762e+000
1.116697e+000
1.116628e+000
1.116558e+000
1.116487e+000
1.116416e+000
1.116345e+000
1.116274e+000
1.116203e+000
1.116132e+000
1.116061e+000
-1.027180e-004
-2.011778e-004
-2.958128e-004
-3.869955e-004
-4.750457e-004
-5.602458e-004
-6.428502e-004
-7.230911e-004
-8.011838e-004
-8.773300e-004
-9.517218e-004
-1.024546e-003
-1.095986e-003
-1.166231e-003
-1.235475e-003
-1.303931e-003
-1.371836e-003
-1.439467e-003
-1.507166e-003
-1.575384e-003
-1.644760e-003
-1.716318e-003
-1.792002e-003
-1.876617e-003
-1.961399e-003
-2.038895e-003
-2.110143e-003
-2.176108e-003
-2.237668e-003
-2.295591e-003
-2.350528e-003
-2.403017e-003
-2.453499e-003
-2.502336e-003
-2.549824e-003
-2.596203e-003
-2.641671e-003
-2.686388e-003
-2.730487e-003
-2.774079e-003
-2.816239e-003
-2.857460e-003
-2.898072e-003
-2.938291e-003
-2.978257e-003
-3.018059e-003
-3.057758e-003
-3.097395e-003
-3.136994e-003
-3.176574e-003
3.591433e+000
3.618373e+000
3.642649e+000
3.664299e+000
3.683580e+000
3.700865e+000
3.716581e+000
3.731192e+000
3.745178e+000
3.759033e+000
3.773260e+000
3.788370e+000
3.804882e+000
3.823329e+000
3.844250e+000
3.868194e+000
3.895718e+000
3.927391e+000
3.963804e+000
4.005524e+000
4.050824e+000
4.095024e+000
4.137157e+000
4.182511e+000
4.200000e+000
4.200000e+000
4.200000e+000
4.200000e+000
4.200000e+000
4.200000e+000
4.200000e+000
4.200000e+000
4.200000e+000
4.200000e+000
4.200000e+000
4.200000e+000
4.200000e+000
4.200000e+000
4.200000e+000
4.200000e+000
4.197256e+000
4.195373e+000
4.194122e+000
4.193291e+000
4.192738e+000
4.192370e+000
4.192126e+000
4.191963e+000
4.191855e+000
4.191783e+000
1.755697e-002
1.681971e-002
1.620401e-002
1.572304e-002
1.534613e-002
1.504996e-002
1.481735e-002
1.463540e-002
1.449421e-002
1.438594e-002
1.430409e-002
1.424310e-002
1.419824e-002
1.416563e-002
1.414231e-002
1.412624e-002
1.411614e-002
1.411128e-002
1.411130e-002
1.411570e-002
1.412175e-002
1.413126e-002
1.415247e-002
1.419025e-002
1.242654e-002
1.002573e-002
8.061649e-003
6.481168e-003
5.218618e-003
4.211983e-003
3.408748e-003
2.766408e-003
2.251251e-003
1.836778e-003
1.502226e-003
1.231323e-003
1.011292e-003
8.320717e-004
6.857076e-004
5.658899e-004
3.809264e-004
2.549002e-004
1.708218e-004
1.147137e-004
7.724806e-005
5.220954e-005
3.545715e-005
2.423159e-005
1.669410e-005
1.161917e-005
1.305105e-002
1.249088e-002
1.202676e-002
1.166555e-002
1.138318e-002
1.116152e-002
1.098716e-002
1.084999e-002
1.074233e-002
1.065821e-002
1.059299e-002
1.054299e-002
1.050535e-002
1.047777e-002
1.045849e-002
1.044613e-002
1.043968e-002
1.043838e-002
1.044171e-002
1.044937e-002
1.046123e-002
1.047794e-002
1.050176e-002
1.053689e-002
9.229998e-003
7.447168e-003
5.988934e-003
4.815671e-003
3.878399e-003
3.131020e-003
2.534553e-003
2.057466e-003
1.674756e-003
1.366775e-003
1.118123e-003
9.167332e-004
7.531255e-004
6.198334e-004
5.109544e-004
4.218039e-004
2.840009e-004
1.901655e-004
1.275920e-004
8.584603e-005
5.797099e-005
3.933637e-005
2.685971e-005
1.848883e-005
1.285719e-005
9.054663e-006
3.566240e+000
3.593398e+000
3.617836e+000
3.639594e+000
3.658927e+000
3.676204e+000
3.691849e+000
3.706321e+000
3.720094e+000
3.733657e+000
3.747508e+000
3.762146e+000
3.778083e+000
3.795837e+000
3.815930e+000
3.838886e+000
3.865231e+000
3.895492e+000
3.930196e+000
3.969813e+000
4.012459e+000
4.053161e+000
4.090305e+000
4.127398e+000
4.151353e+000
4.166341e+000
4.179323e+000
4.190397e+000
4.199734e+000
4.207552e+000
4.214069e+000
4.219488e+000
4.223988e+000
4.227721e+000
4.230819e+000
4.233388e+000
4.235519e+000
4.237287e+000
4.238755e+000
4.239973e+000
4.240000e+000
4.240000e+000
4.240000e+000
4.240000e+000
4.240000e+000
4.240000e+000
4.240000e+000
4.240000e+000
4.240000e+000
4.240000e+000
3.566226e+000
3.593384e+000
3.617822e+000
3.639580e+000
3.658913e+000
3.676190e+000
3.691835e+000
3.706307e+000
3.720080e+000
3.733643e+000
3.747494e+000
3.762132e+000
3.778069e+000
3.795823e+000
3.815916e+000
3.838872e+000
3.865217e+000
3.895478e+000
3.930182e+000
3.969799e+000
4.012445e+000
4.053147e+000
4.090291e+000
4.127384e+000
4.151341e+000
4.166332e+000
4.179315e+000
4.190390e+000
4.199729e+000
4.207547e+000
4.214065e+000
4.219485e+000
4.223985e+000
4.227720e+000
4.230817e+000
4.233386e+000
4.235518e+000
4.237287e+000
4.238755e+000
4.239973e+000
4.240000e+000
4.240000e+000
4.240000e+000
4.240000e+000
4.240000e+000
4.240000e+000
4.240000e+000
4.240000e+000
4.240000e+000
4.240000e+000
5.899653e+000
5.932051e+000
5.951833e+000
5.963047e+000
5.969066e+000
5.972626e+000
5.976099e+000
5.981548e+000
5.990529e+000
6.003708e+000
6.020544e+000
6.039325e+000
6.057738e+000
6.073451e+000
6.084883e+000
6.091512e+000
6.093731e+000
6.092483e+000
6.088882e+000
6.082954e+000
6.067863e+000
6.047195e+000
6.037999e+000
6.042331e+000
5.290824e+000
4.273318e+000
3.438855e+000
2.765247e+000
2.226211e+000
1.796070e+000
1.452745e+000
1.178213e+000
9.581077e-001
7.811050e-001
6.383151e-001
5.227645e-001
4.289758e-001
3.526350e-001
2.903333e-001
2.393676e-001
1.611911e-001
1.078818e-001
7.219226e-002
4.830321e-002
3.231613e-002
2.161920e-002
1.446308e-002
9.676404e-003
6.474993e-003
4.334008e-003
6.172574e+000
6.140175e+000
6.120394e+000
6.109180e+000
6.103161e+000
6.099601e+000
6.096128e+000
6.090679e+000
6.081698e+000
6.068518e+000
6.051683e+000
6.032902e+000
6.014489e+000
5.998776e+000
5.987344e+000
5.980715e+000
5.978496e+000
5.979744e+000
5.983345e+000
5.989273e+000
6.004363e+000
6.025032e+000
6.034228e+000
6.029896e+000
5.243952e+000
4.202976e+000
3.364660e+000
2.696997e+000
2.167231e+000
1.746767e+000
1.412303e+000
1.145399e+000
9.316448e-001
7.598271e-001
6.212225e-001
5.090287e-001
4.179234e-001
3.437252e-001
2.831352e-001
2.335384e-001
1.555742e-001
1.030028e-001
6.821413e-002
4.518739e-002
2.994253e-002
1.984738e-002
1.316082e-002
8.730872e-003
5.795204e-003
3.849221e-003
1.071352e-002
1.025275e-002
9.870640e-003
9.573177e-003
9.340554e-003
9.157850e-003
9.014040e-003
8.900828e-003
8.811883e-003
8.742324e-003
8.688360e-003
8.647032e-003
8.616024e-003
8.593523e-003
8.578114e-003
8.568701e-003
8.564449e-003
8.564746e-003
8.569183e-003
8.577560e-003
8.589974e-003
8.607060e-003
8.630742e-003
8.665188e-003
7.595123e-003
6.130806e-003
4.932080e-003
3.967057e-003
3.195794e-003
2.580566e-003
2.089415e-003
1.696461e-003
1.381170e-003
1.127391e-003
9.224640e-004
7.564597e-004
6.215784e-004
5.116738e-004
4.218860e-004
3.483570e-004
2.347368e-004
1.573529e-004
1.057371e-004
7.128845e-005
4.827315e-005
3.287504e-005
2.255394e-005
1.561876e-005
1.094344e-005
7.777974e-006
7.871704e-003
7.532632e-003
7.250645e-003
7.030860e-003
6.858748e-003
6.723386e-003
6.616720e-003
6.532694e-003
6.466690e-003
6.415148e-003
6.375301e-003
6.344991e-003
6.322532e-003
6.306607e-003
6.296195e-003
6.290509e-003
6.288966e-003
6.291149e-003
6.296804e-003
6.305858e-003
6.318503e-003
6.335452e-003
6.358684e-003
6.392401e-003
5.610129e-003
4.532706e-003
3.649101e-003
2.936882e-003
2.367132e-003
1.912310e-003
1.548993e-003
1.258164e-003
1.024710e-003
8.367301e-004
6.848833e-004
5.618393e-004
4.618350e-004
3.803269e-004
3.137200e-004
2.591598e-004
1.749313e-004
1.175351e-004
7.922656e-005
5.363626e-005
3.651798e-005
2.504568e-005
1.733824e-005
1.214326e-005
8.626683e-006
6.232880e-006
5.255069e-003
5.028234e-003
4.838682e-003
4.690664e-003
4.574508e-003
4.482964e-003
4.410701e-003
4.353722e-003
4.308976e-003
4.274111e-003
4.247301e-003
4.227122e-003
4.212461e-003
4.202456e-003
4.196441e-003
4.193916e-003
4.194516e-003
4.198000e-003
4.204248e-003
4.213285e-003
4.225363e-003
4.241214e-003
4.262749e-003
4.293952e-003
3.775781e-003
3.054912e-003
2.462082e-003
1.983341e-003
1.599825e-003
1.293327e-003
1.048266e-003
8.519470e-004
6.942533e-004
5.672025e-004
4.645201e-004
3.812759e-004
3.135897e-004
2.583994e-004
2.132810e-004
1.763079e-004
1.193128e-004
8.044287e-005
5.447425e-005
3.710354e-005
2.546186e-005
1.763991e-005
1.236678e-005
8.796261e-006
6.364694e-006
4.696465e-006
1.486826e-004
1.421626e-004
1.366002e-004
1.322247e-004
1.287631e-004
1.260127e-004
1.238265e-004
1.220948e-004
1.207345e-004
1.196812e-004
1.188851e-004
1.183077e-004
1.179193e-004
1.176973e-004
1.176248e-004
1.176902e-004
1.178860e-004
1.182094e-004
1.186623e-004
1.192539e-004
1.200062e-004
1.209685e-004
1.222601e-004
1.241278e-004
1.099030e-004
8.932772e-005
7.224993e-005
5.837483e-005
4.720936e-005
3.825403e-005
3.107241e-005
2.530456e-005
2.066130e-005
1.691302e-005
1.387835e-005
1.141418e-005
9.407526e-006
7.768944e-006
6.427464e-006
5.326572e-006
3.639086e-006
2.484761e-006
1.710744e-006
1.190346e-006
8.391197e-007
6.008797e-007
4.382293e-007
3.262610e-007
2.483725e-007
1.934866e-007
-2.516230e-002
-2.494357e-002
-2.478126e-002
-2.467325e-002
-2.462128e-002
-2.462885e-002
-2.470015e-002
-2.483970e-002
-2.505244e-002
-2.534398e-002
-2.572105e-002
-2.619195e-002
-2.676722e-002
-2.746040e-002
-2.828918e-002
-2.927692e-002
-3.045519e-002
-3.186769e-002
-3.357737e-002
-3.567999e-002
-3.833360e-002
-4.183158e-002
-4.682128e-002
-5.508119e-002
-4.862018e-002
-3.363690e-002
-2.065977e-002
-9.589438e-003
-2.548961e-004
7.560481e-003
1.407584e-002
1.949363e-002
2.399234e-002
2.772518e-002
3.082168e-002
3.339023e-002
3.552110e-002
3.728919e-002
3.875657e-002
3.997463e-002
4.274507e-002
4.462745e-002
4.587804e-002
4.670932e-002
4.726208e-002
4.762973e-002
4.787432e-002
4.803705e-002
4.814532e-002
4.821737e-002
-2.518137e-002
-2.496266e-002
-2.480038e-002
-2.469239e-002
-2.464043e-002
-2.464802e-002
-2.471934e-002
-2.485890e-002
-2.507165e-002
-2.536320e-002
-2.574027e-002
-2.621117e-002
-2.678644e-002
-2.747962e-002
-2.830838e-002
-2.929611e-002
-3.047435e-002
-3.188683e-002
-3.359647e-002
-3.569905e-002
-3.835261e-002
-4.185052e-002
-4.684014e-002
-5.509993e-002
-4.863644e-002
-3.364992e-002
-2.067018e-002
-9.597777e-003
-2.615864e-004
7.555098e-003
1.407150e-002
1.949012e-002
2.398948e-002
2.772286e-002
3.081978e-002
3.338868e-002
3.551983e-002
3.728815e-002
3.875572e-002
3.997393e-002
4.274460e-002
4.462714e-002
4.587784e-002
4.670919e-002
4.726199e-002
4.762968e-002
4.787429e-002
4.803703e-002
4.814531e-002
4.821736e-002
-7.252758e+000
-7.268198e+000
-7.279985e+000
-7.291754e+000
-7.303452e+000
-7.314644e+000
-7.324838e+000
-7.333596e+000
-7.340570e+000
-7.345498e+000
-7.348180e+000
-7.348457e+000
-7.346191e+000
-7.341244e+000
-7.333466e+000
-7.322675e+000
-7.308643e+000
-7.291067e+000
-7.269529e+000
-7.243393e+000
-7.211559e+000
-7.171814e+000
-7.119023e+000
-7.042851e+000
-6.083957e+000
-4.859630e+000
-3.877735e+000
-3.097922e+000
-2.481044e+000
-1.992985e+000
-1.605990e+000
-1.298139e+000
-1.052349e+000
-8.553675e-001
-6.969194e-001
-5.690190e-001
-4.654398e-001
-3.813068e-001
-3.127855e-001
-2.568463e-001
-1.693021e-001
-1.101512e-001
-7.100256e-002
-4.515548e-002
-2.814776e-002
-1.700820e-002
-9.759099e-003
-5.084723e-003
-2.110199e-003
-2.542427e-004
-6.407119e+000
-6.391679e+000
-6.379892e+000
-6.368123e+000
-6.356425e+000
-6.345233e+000
-6.335039e+000
-6.326282e+000
-6.319307e+000
-6.314379e+000
-6.311698e+000
-6.311420e+000
-6.313686e+000
-6.318633e+000
-6.326411e+000
-6.337202e+000
-6.351235e+000
-6.368811e+000
-6.390348e+000
-6.416484e+000
-6.448318e+000
-6.488064e+000
-6.540854e+000
-6.617026e+000
-5.836276e+000
-4.731404e+000
-3.820529e+000
-3.082677e+000
-2.490191e+000
-2.015780e+000
-1.635849e+000
-1.331058e+000
-1.085930e+000
-8.882167e-001
-7.282633e-001
-5.984681e-001
-4.928373e-001
-4.066336e-001
-3.361013e-001
-2.782527e-001
-1.891218e-001
-1.284674e-001
-8.786904e-002
-6.063033e-002
-4.229870e-002
-2.991176e-002
-2.149769e-002
-1.574334e-002
-1.177368e-002
-9.005185e-003
-1.585048e-001
-1.515888e-001
-1.454215e-001
-1.399031e-001
-1.349312e-001
-1.304335e-001
-1.263562e-001
-1.226581e-001
-1.193071e-001
-1.162784e-001
-1.135544e-001
-1.111235e-001
-1.089814e-001
-1.071307e-001
-1.055832e-001
-1.043619e-001
-1.035053e-001
-1.030748e-001
-1.031685e-001
-1.039493e-001
-1.057081e-001
-1.090285e-001
-1.153149e-001
-1.289330e-001
-1.286257e-001
-1.168698e-001
-1.069241e-001
-9.860179e-002
-9.172649e-002
-8.608936e-002
-8.148407e-002
-7.772562e-002
-7.465688e-002
-7.214820e-002
-7.009428e-002
-6.841019e-002
-6.702755e-002
-6.589128e-002
-6.495686e-002
-6.418824e-002
-6.205214e-002
-6.064804e-002
-5.974133e-002
-5.915416e-002
-5.877467e-002
-5.853122e-002
-5.837738e-002
-5.828278e-002
-5.822742e-002
-5.819812e-002
-1.435561e-001
-1.379489e-001
-1.328685e-001
-1.282349e-001
-1.239952e-001
-1.201118e-001
-1.165558e-001
-1.133039e-001
-1.103376e-001
-1.076422e-001
-1.052074e-001
-1.030274e-001
-1.011017e-001
-9.943550e-002
-9.804198e-002
-9.694416e-002
-9.617909e-002
-9.580483e-002
-9.591332e-002
-9.665647e-002
-9.830476e-002
-1.014001e-001
-1.072455e-001
-1.198919e-001
-1.206915e-001
-1.110175e-001
-1.025952e-001
-9.537703e-002
-8.930085e-002
-8.424520e-002
-8.006689e-002
-7.662543e-002
-7.379472e-002
-7.146683e-002
-6.955171e-002
-6.797526e-002
-6.667687e-002
-6.560709e-002
-6.472554e-002
-6.399922e-002
-6.192845e-002
-6.056652e-002
-5.968696e-002
-5.911751e-002
-5.874969e-002
-5.851400e-002
-5.836535e-002
-5.827424e-002
-5.822126e-002
-5.819359e-002
5.400000e+001
5.400000e+001
5.400000e+001
5.400000e+001
5.400000e+001
5.400000e+001
5.400000e+001
5.400000e+001
5.400000e+001
5.400000e+001
5.400000e+001
5.400000e+001
5.400000e+001
5.400000e+001
5.400000e+001
5.400000e+001
5.400000e+001
5.400000e+001
5.400000e+001
5.400000e+001
5.400000e+001
5.400000e+001
5.400000e+001
5.400000e+001
4.712286e+001
3.791512e+001
3.043265e+001
2.443304e+001
1.965220e+001
1.584738e+001
1.281558e+001
1.039370e+001
8.453009e+000
6.892708e+000
5.634009e+000
4.615291e+000
3.788245e+000
3.114873e+000
2.565169e+000
2.115345e+000
1.416916e+000
9.433032e-001
6.280486e-001
4.181907e-001
2.784878e-001
1.854832e-001
1.235638e-001
8.233716e-002
5.488553e-002
3.660422e-002
