1.010759e+000
1.011905e+000
1.011993e+000
1.012020e+000
1.012042e+000
1.012086e+000
1.012131e+000
1.012176e+000
1.012219e+000
1.012261e+000
1.012302e+000
1.012342e+000
1.012381e+000
1.012420e+000
1.012458e+000
1.012495e+000
1.012532e+000
1.012568e+000
1.012604e+000
1.012640e+000
1.012676e+000
1.012712e+000
1.012748e+000
1.012785e+000
1.012821e+000
1.012858e+000
1.012895e+000
1.012933e+000
1.012971e+000
1.013009e+000
1.013049e+000
1.013089e+000
1.013130e+000
1.013171e+000
1.013214e+000
1.013257e+000
1.013302e+000
1.013347e+000
1.013394e+000
1.013442e+000
1.013491e+000
1.013542e+000
1.013594e+000
1.013648e+000
1.013704e+000
1.013761e+000
1.013819e+000
1.013880e+000
1.013943e+000
1.014008e+000
1.014075e+000
1.014137e+000
1.014215e+000
1.014289e+000
1.014365e+000
1.014445e+000
1.014527e+000
1.014611e+000
1.014699e+000
1.014791e+000
1.014885e+000
1.014983e+000
1.015085e+000
1.015191e+000
1.015302e+000
1.015416e+000
1.015536e+000
1.015661e+000
1.015791e+000
1.015927e+000
1.016069e+000
1.016218e+000
1.016374e+000
1.016538e+000
1.016711e+000
1.016892e+000
1.017083e+000
1.017285e+000
1.017498e+000
1.017724e+000
1.017962e+000
1.018215e+000
1.018484e+000
1.018768e+000
1.019070e+000
1.019390e+000
1.019727e+000
1.020081e+000
1.020450e+000
1.020826e+000
1.021201e+000
1.021556e+000
1.021863e+000
1.022077e+000
1.022132e+000
1.021961e+000
1.021521e+000
1.020834e+000
1.019980e+000
1.019040e+000
1.005134e+000
1.005639e+000
1.005680e+000
1.005700e+000
1.005722e+000
1.005738e+000
1.005755e+000
1.005772e+000
1.005789e+000
1.005806e+000
1.005823e+000
1.005840e+000
1.005856e+000
1.005873e+000
1.005890e+000
1.005906e+000
1.005923e+000
1.005940e+000
1.005956e+000
1.005973e+000
1.005989e+000
1.006006e+000
1.006023e+000
1.006040e+000
1.006057e+000
1.006074e+000
1.006091e+000
1.006109e+000
1.006127e+000
1.006145e+000
1.006163e+000
1.006182e+000
1.006201e+000
1.006220e+000
1.006240e+000
1.006260e+000
1.006281e+000
1.006302e+000
1.006324e+000
1.006346e+000
1.006369e+000
1.006392e+000
1.006416e+000
1.006440e+000
1.006466e+000
1.006492e+000
1.006518e+000
1.006546e+000
1.006574e+000
1.006604e+000
1.006634e+000
1.006662e+000
1.006697e+000
1.006731e+000
1.006766e+000
1.006801e+000
1.006839e+000
1.006877e+000
1.006917e+000
1.006959e+000
1.007003e+000
1.007048e+000
1.007095e+000
1.007144e+000
1.007195e+000
1.007248e+000
1.007304e+000
1.007362e+000
1.007423e+000
1.007487e+000
1.007553e+000
1.007624e+000
1.007697e+000
1.007775e+000
1.007856e+000
1.007942e+000
1.008033e+000
1.008128e+000
1.008230e+000
1.008337e+000
1.008450e+000
1.008570e+000
1.008698e+000
1.008833e+000
1.008977e+000
1.009129e+000
1.009291e+000
1.009462e+000
1.009640e+000
1.009823e+000
1.010005e+000
1.010178e+000
1.010327e+000
1.010430e+000
1.010457e+000
1.010375e+000
1.010166e+000
1.009840e+000
1.009435e+000
1.008990e+000
8.695327e-001
8.660858e-001
8.626336e-001
8.591847e-001
8.557442e-001
8.522848e-001
8.488069e-001
8.453116e-001
8.417999e-001
8.382726e-001
8.347308e-001
8.311751e-001
8.276061e-001
8.240244e-001
8.204306e-001
8.168249e-001
8.132077e-001
8.095794e-001
8.059400e-001
8.022899e-001
7.986290e-001
7.949575e-001
7.912755e-001
7.875828e-001
7.838796e-001
7.801656e-001
7.764409e-001
7.727053e-001
7.689587e-001
7.652009e-001
7.614317e-001
7.576508e-001
7.538581e-001
7.500532e-001
7.462358e-001
7.424056e-001
7.385623e-001
7.347054e-001
7.308345e-001
7.269493e-001
7.230492e-001
7.191337e-001
7.152024e-001
7.112546e-001
7.072899e-001
7.033075e-001
6.993070e-001
6.952877e-001
6.912488e-001
6.871898e-001
6.831099e-001
6.790102e-001
6.748864e-001
6.707395e-001
6.665688e-001
6.623734e-001
6.581525e-001
6.539054e-001
6.496310e-001
6.453287e-001
6.409973e-001
6.366360e-001
6.322437e-001
6.278194e-001
6.233619e-001
6.188701e-001
6.143427e-001
6.097783e-001
6.051755e-001
6.005327e-001
5.958481e-001
5.911201e-001
5.863465e-001
5.815253e-001
5.766541e-001
5.717304e-001
5.667514e-001
5.617142e-001
5.566154e-001
5.514518e-001
5.462193e-001
5.409140e-001
5.355314e-001
5.300668e-001
5.245154e-001
5.188728e-001
5.131349e-001
5.072978e-001
5.013582e-001
4.953147e-001
4.891690e-001
4.829256e-001
4.765972e-001
4.702098e-001
4.638084e-001
4.574584e-001
4.512368e-001
4.452146e-001
4.394387e-001
4.339334e-001
8.695674e-001
8.660644e-001
8.625499e-001
8.590109e-001
8.554393e-001
8.518638e-001
8.482839e-001
8.446983e-001
8.411063e-001
8.375071e-001
8.339002e-001
8.302850e-001
8.266613e-001
8.230286e-001
8.193867e-001
8.157353e-001
8.120742e-001
8.084033e-001
8.047224e-001
8.010312e-001
7.973298e-001
7.936178e-001
7.898953e-001
7.861619e-001
7.824178e-001
7.786625e-001
7.748961e-001
7.711184e-001
7.673292e-001
7.635283e-001
7.597157e-001
7.558910e-001
7.520543e-001
7.482052e-001
7.443436e-001
7.404693e-001
7.365821e-001
7.326818e-001
7.287681e-001
7.248409e-001
7.208999e-001
7.169449e-001
7.129756e-001
7.089917e-001
7.049929e-001
7.009790e-001
6.969495e-001
6.929041e-001
6.888424e-001
6.847639e-001
6.806682e-001
6.765568e-001
6.724250e-001
6.682742e-001
6.641038e-001
6.599130e-001
6.557011e-001
6.514671e-001
6.472102e-001
6.429293e-001
6.386233e-001
6.342911e-001
6.299315e-001
6.255432e-001
6.211246e-001
6.166744e-001
6.121910e-001
6.076726e-001
6.031176e-001
5.985238e-001
5.938895e-001
5.892124e-001
5.844902e-001
5.797205e-001
5.749008e-001
5.700283e-001
5.650999e-001
5.601126e-001
5.550630e-001
5.499473e-001
5.447617e-001
5.395021e-001
5.341638e-001
5.287422e-001
5.232323e-001
5.176278e-001
5.119217e-001
5.061077e-001
5.001807e-001
4.941373e-001
4.879771e-001
4.817084e-001
4.753495e-001
4.689324e-001
4.625076e-001
4.561456e-001
4.499270e-001
4.439238e-001
4.381820e-001
4.327232e-001
1.002182e+000
1.002408e+000
1.002426e+000
1.002436e+000
1.002449e+000
1.002454e+000
1.002459e+000
1.002465e+000
1.002471e+000
1.002477e+000
1.002483e+000
1.002489e+000
1.002496e+000
1.002502e+000
1.002509e+000
1.002515e+000
1.002522e+000
1.002528e+000
1.002535e+000
1.002542e+000
1.002549e+000
1.002555e+000
1.002562e+000
1.002569e+000
1.002576e+000
1.002583e+000
1.002590e+000
1.002598e+000
1.002605e+000
1.002612e+000
1.002620e+000
1.002628e+000
1.002635e+000
1.002643e+000
1.002652e+000
1.002660e+000
1.002668e+000
1.002677e+000
1.002686e+000
1.002695e+000
1.002704e+000
1.002714e+000
1.002723e+000
1.002734e+000
1.002744e+000
1.002754e+000
1.002765e+000
1.002777e+000
1.002788e+000
1.002800e+000
1.002812e+000
1.002824e+000
1.002838e+000
1.002852e+000
1.002866e+000
1.002881e+000
1.002896e+000
1.002912e+000
1.002929e+000
1.002946e+000
1.002964e+000
1.002983e+000
1.003003e+000
1.003023e+000
1.003044e+000
1.003067e+000
1.003090e+000
1.003115e+000
1.003141e+000
1.003168e+000
1.003196e+000
1.003226e+000
1.003258e+000
1.003291e+000
1.003326e+000
1.003362e+000
1.003401e+000
1.003442e+000
1.003486e+000
1.003532e+000
1.003580e+000
1.003632e+000
1.003687e+000
1.003745e+000
1.003807e+000
1.003873e+000
1.003944e+000
1.004018e+000
1.004096e+000
1.004177e+000
1.004257e+000
1.004334e+000
1.004400e+000
1.004446e+000
1.004461e+000
1.004429e+000
1.004343e+000
1.004206e+000
1.004036e+000
1.003848e+000
9.985944e-001
9.984780e-001
9.984677e-001
9.984648e-001
9.984634e-001
9.984556e-001
9.984479e-001
9.984404e-001
9.984333e-001
9.984265e-001
9.984200e-001
9.984138e-001
9.984078e-001
9.984019e-001
9.983963e-001
9.983907e-001
9.983853e-001
9.983800e-001
9.983747e-001
9.983695e-001
9.983643e-001
9.983591e-001
9.983539e-001
9.983487e-001
9.983434e-001
9.983382e-001
9.983329e-001
9.983275e-001
9.983220e-001
9.983165e-001
9.983109e-001
9.983052e-001
9.982994e-001
9.982934e-001
9.982874e-001
9.982812e-001
9.982749e-001
9.982684e-001
9.982618e-001
9.982550e-001
9.982480e-001
9.982409e-001
9.982335e-001
9.982260e-001
9.982182e-001
9.982102e-001
9.982019e-001
9.981935e-001
9.981847e-001
9.981757e-001
9.981664e-001
9.981577e-001
9.981471e-001
9.981369e-001
9.981264e-001
9.981156e-001
9.981045e-001
9.980930e-001
9.980811e-001
9.980689e-001
9.980562e-001
9.980431e-001
9.980296e-001
9.980156e-001
9.980011e-001
9.979861e-001
9.979705e-001
9.979544e-001
9.979375e-001
9.979200e-001
9.979018e-001
9.978827e-001
9.978628e-001
9.978420e-001
9.978201e-001
9.977972e-001
9.977731e-001
9.977477e-001
9.977210e-001
9.976928e-001
9.976630e-001
9.976314e-001
9.975981e-001
9.975627e-001
9.975254e-001
9.974861e-001
9.974450e-001
9.974020e-001
9.973578e-001
9.973130e-001
9.972692e-001
9.972282e-001
9.971938e-001
9.971720e-001
9.971711e-001
9.971999e-001
9.972633e-001
9.973581e-001
9.974734e-001
9.975986e-001
9.952914e-001
9.948529e-001
9.948162e-001
9.948016e-001
9.947878e-001
9.947685e-001
9.947490e-001
9.947297e-001
9.947108e-001
9.946924e-001
9.946743e-001
9.946567e-001
9.946394e-001
9.946223e-001
9.946055e-001
9.945890e-001
9.945726e-001
9.945564e-001
9.945402e-001
9.945241e-001
9.945080e-001
9.944919e-001
9.944758e-001
9.944595e-001
9.944431e-001
9.944266e-001
9.944100e-001
9.943931e-001
9.943760e-001
9.943587e-001
9.943410e-001
9.943231e-001
9.943049e-001
9.942863e-001
9.942673e-001
9.942479e-001
9.942281e-001
9.942078e-001
9.941870e-001
9.941657e-001
9.941439e-001
9.941215e-001
9.940985e-001
9.940748e-001
9.940505e-001
9.940255e-001
9.939997e-001
9.939731e-001
9.939458e-001
9.939176e-001
9.938885e-001
9.938612e-001
9.938275e-001
9.937953e-001
9.937622e-001
9.937279e-001
9.936925e-001
9.936558e-001
9.936177e-001
9.935783e-001
9.935375e-001
9.934951e-001
9.934511e-001
9.934053e-001
9.933577e-001
9.933082e-001
9.932567e-001
9.932029e-001
9.931468e-001
9.930881e-001
9.930268e-001
9.929626e-001
9.928953e-001
9.928246e-001
9.927504e-001
9.926723e-001
9.925901e-001
9.925033e-001
9.924117e-001
9.923149e-001
9.922124e-001
9.921038e-001
9.919888e-001
9.918668e-001
9.917376e-001
9.916009e-001
9.914565e-001
9.913047e-001
9.911472e-001
9.909864e-001
9.908269e-001
9.906766e-001
9.905484e-001
9.904621e-001
9.904456e-001
9.905286e-001
9.907280e-001
9.910342e-001
9.914112e-001
9.918239e-001
9.889223e-001
9.877090e-001
9.876163e-001
9.875825e-001
9.875485e-001
9.875102e-001
9.874710e-001
9.874315e-001
9.873922e-001
9.873535e-001
9.873152e-001
9.872774e-001
9.872400e-001
9.872030e-001
9.871664e-001
9.871301e-001
9.870940e-001
9.870582e-001
9.870224e-001
9.869867e-001
9.869510e-001
9.869152e-001
9.868792e-001
9.868431e-001
9.868066e-001
9.867699e-001
9.867327e-001
9.866951e-001
9.866570e-001
9.866183e-001
9.865789e-001
9.865389e-001
9.864981e-001
9.864564e-001
9.864139e-001
9.863704e-001
9.863259e-001
9.862803e-001
9.862336e-001
9.861856e-001
9.861364e-001
9.860857e-001
9.860337e-001
9.859801e-001
9.859249e-001
9.858680e-001
9.858094e-001
9.857489e-001
9.856864e-001
9.856218e-001
9.855551e-001
9.854926e-001
9.854152e-001
9.853409e-001
9.852643e-001
9.851850e-001
9.851028e-001
9.850174e-001
9.849289e-001
9.848369e-001
9.847413e-001
9.846418e-001
9.845384e-001
9.844307e-001
9.843184e-001
9.842013e-001
9.840791e-001
9.839514e-001
9.838179e-001
9.836782e-001
9.835318e-001
9.833782e-001
9.832170e-001
9.830476e-001
9.828694e-001
9.826816e-001
9.824835e-001
9.822743e-001
9.820532e-001
9.818192e-001
9.815712e-001
9.813082e-001
9.810291e-001
9.807328e-001
9.804184e-001
9.800850e-001
9.797317e-001
9.793591e-001
9.789709e-001
9.785727e-001
9.781751e-001
9.777966e-001
9.774684e-001
9.772366e-001
9.771674e-001
9.773321e-001
9.777729e-001
9.784701e-001
9.793404e-001
9.803013e-001
1.780730e-001
1.835981e-001
1.891437e-001
1.947126e-001
2.003064e-001
2.059237e-001
2.115640e-001
2.172270e-001
2.229124e-001
2.286195e-001
2.343479e-001
2.400972e-001
2.458669e-001
2.516568e-001
2.574666e-001
2.632961e-001
2.691451e-001
2.750134e-001
2.809011e-001
2.868081e-001
2.927343e-001
2.986799e-001
3.046450e-001
3.106297e-001
3.166340e-001
3.226583e-001
3.287027e-001
3.347675e-001
3.408528e-001
3.469590e-001
3.530865e-001
3.592354e-001
3.654062e-001
3.715992e-001
3.778148e-001
3.840534e-001
3.903155e-001
3.966015e-001
4.029119e-001
4.092472e-001
4.156078e-001
4.219945e-001
4.284077e-001
4.348480e-001
4.413162e-001
4.478128e-001
4.543386e-001
4.608944e-001
4.674808e-001
4.740988e-001
4.807492e-001
4.874298e-001
4.941478e-001
5.009012e-001
5.076909e-001
5.145182e-001
5.213842e-001
5.282901e-001
5.352374e-001
5.422274e-001
5.492615e-001
5.563415e-001
5.634689e-001
5.706455e-001
5.778732e-001
5.851541e-001
5.924901e-001
5.998837e-001
6.073372e-001
6.148533e-001
6.224346e-001
6.300842e-001
6.378052e-001
6.456011e-001
6.534755e-001
6.614324e-001
6.694760e-001
6.776108e-001
6.858418e-001
6.941743e-001
7.026140e-001
7.111670e-001
7.198397e-001
7.286391e-001
7.375722e-001
7.466467e-001
7.558702e-001
7.652500e-001
7.747910e-001
7.844954e-001
7.943597e-001
8.043711e-001
8.145013e-001
8.247005e-001
8.348881e-001
8.449523e-001
8.547658e-001
8.642157e-001
8.732315e-001
8.817817e-001
2.611320e-001
2.661599e-001
2.711925e-001
2.762343e-001
2.812877e-001
2.863523e-001
2.914288e-001
2.965174e-001
3.016186e-001
3.067323e-001
3.118587e-001
3.169978e-001
3.221496e-001
3.273141e-001
3.324912e-001
3.376810e-001
3.428834e-001
3.480984e-001
3.533260e-001
3.585662e-001
3.638190e-001
3.690845e-001
3.743627e-001
3.796538e-001
3.849577e-001
3.902748e-001
3.956050e-001
4.009486e-001
4.063058e-001
4.116768e-001
4.170618e-001
4.224612e-001
4.278751e-001
4.333041e-001
4.387484e-001
4.442084e-001
4.496845e-001
4.551771e-001
4.606869e-001
4.662142e-001
4.717595e-001
4.773236e-001
4.829069e-001
4.885101e-001
4.941339e-001
4.997789e-001
5.054460e-001
5.111360e-001
5.168495e-001
5.225877e-001
5.283512e-001
5.341385e-001
5.399559e-001
5.458018e-001
5.516774e-001
5.575839e-001
5.635224e-001
5.694943e-001
5.755011e-001
5.815442e-001
5.876251e-001
5.937455e-001
5.999071e-001
6.061118e-001
6.123615e-001
6.186583e-001
6.250045e-001
6.314023e-001
6.378543e-001
6.443632e-001
6.509318e-001
6.575631e-001
6.642606e-001
6.710276e-001
6.778681e-001
6.847861e-001
6.917860e-001
6.988726e-001
7.060510e-001
7.133268e-001
7.207061e-001
7.281952e-001
7.358012e-001
7.435315e-001
7.513941e-001
7.593975e-001
7.675505e-001
7.758621e-001
7.843395e-001
7.929882e-001
8.018094e-001
8.107966e-001
8.199308e-001
8.291742e-001
8.384621e-001
8.477000e-001
8.567760e-001
8.655857e-001
8.740585e-001
8.821563e-001
1.000006e+003
1.000011e+003
1.000017e+003
1.000022e+003
1.000028e+003
1.000033e+003
1.000039e+003
1.000044e+003
1.000049e+003
1.000055e+003
1.000060e+003
1.000066e+003
1.000071e+003
1.000076e+003
1.000082e+003
1.000087e+003
1.000092e+003
1.000098e+003
1.000103e+003
1.000108e+003
1.000113e+003
1.000119e+003
1.000124e+003
1.000129e+003
1.000134e+003
1.000139e+003
1.000144e+003
1.000150e+003
1.000155e+003
1.000160e+003
1.000165e+003
1.000170e+003
1.000175e+003
1.000180e+003
1.000185e+003
1.000190e+003
1.000195e+003
1.000200e+003
1.000205e+003
1.000210e+003
1.000215e+003
1.000220e+003
1.000225e+003
1.000230e+003
1.000235e+003
1.000240e+003
1.000245e+003
1.000250e+003
1.000255e+003
1.000260e+003
1.000265e+003
1.000270e+003
1.000275e+003
1.000280e+003
1.000285e+003
1.000290e+003
1.000294e+003
1.000299e+003
1.000304e+003
1.000309e+003
1.000314e+003
1.000319e+003
1.000324e+003
1.000329e+003
1.000334e+003
1.000339e+003
1.000343e+003
1.000348e+003
1.000353e+003
1.000358e+003
1.000363e+003
1.000368e+003
1.000373e+003
1.000378e+003
1.000383e+003
1.000388e+003
1.000393e+003
1.000398e+003
1.000403e+003
1.000409e+003
1.000414e+003
1.000419e+003
1.000424e+003
1.000430e+003
1.000435e+003
1.000440e+003
1.000446e+003
1.000452e+003
1.000457e+003
1.000463e+003
1.000469e+003
1.000475e+003
1.000482e+003
1.000488e+003
1.000495e+003
1.000502e+003
1.000509e+003
1.000516e+003
1.000523e+003
1.000530e+003
1.000005e+003
1.000011e+003
1.000016e+003
1.000021e+003
1.000026e+003
1.000032e+003
1.000037e+003
1.000042e+003
1.000047e+003
1.000052e+003
1.000058e+003
1.000063e+003
1.000068e+003
1.000073e+003
1.000078e+003
1.000083e+003
1.000088e+003
1.000093e+003
1.000098e+003
1.000103e+003
1.000108e+003
1.000113e+003
1.000118e+003
1.000123e+003
1.000128e+003
1.000133e+003
1.000138e+003
1.000143e+003
1.000148e+003
1.000153e+003
1.000158e+003
1.000163e+003
1.000167e+003
1.000172e+003
1.000177e+003
1.000182e+003
1.000187e+003
1.000192e+003
1.000196e+003
1.000201e+003
1.000206e+003
1.000211e+003
1.000216e+003
1.000220e+003
1.000225e+003
1.000230e+003
1.000235e+003
1.000239e+003
1.000244e+003
1.000249e+003
1.000253e+003
1.000258e+003
1.000263e+003
1.000268e+003
1.000272e+003
1.000277e+003
1.000282e+003
1.000286e+003
1.000291e+003
1.000296e+003
1.000300e+003
1.000305e+003
1.000310e+003
1.000314e+003
1.000319e+003
1.000324e+003
1.000328e+003
1.000333e+003
1.000338e+003
1.000343e+003
1.000347e+003
1.000352e+003
1.000357e+003
1.000361e+003
1.000366e+003
1.000371e+003
1.000376e+003
1.000381e+003
1.000386e+003
1.000390e+003
1.000395e+003
1.000400e+003
1.000405e+003
1.000410e+003
1.000415e+003
1.000421e+003
1.000426e+003
1.000431e+003
1.000437e+003
1.000442e+003
1.000448e+003
1.000454e+003
1.000459e+003
1.000466e+003
1.000472e+003
1.000478e+003
1.000485e+003
1.000492e+003
1.000498e+003
1.000505e+003
9.886124e-001
9.891268e-001
9.896336e-001
9.901347e-001
9.906312e-001
9.911237e-001
9.916130e-001
9.920994e-001
9.925833e-001
9.930652e-001
9.935452e-001
9.940235e-001
9.945003e-001
9.949759e-001
9.954504e-001
9.959239e-001
9.963965e-001
9.968684e-001
9.973396e-001
9.978104e-001
9.982808e-001
9.987509e-001
9.992208e-001
9.996906e-001
1.000160e+000
1.000630e+000
1.001101e+000
1.001571e+000
1.002042e+000
1.002514e+000
1.002986e+000
1.003459e+000
1.003933e+000
1.004407e+000
1.004883e+000
1.005360e+000
1.005839e+000
1.006319e+000
1.006800e+000
1.007284e+000
1.007769e+000
1.008256e+000
1.008745e+000
1.009237e+000
1.009732e+000
1.010229e+000
1.010728e+000
1.011231e+000
1.011737e+000
1.012247e+000
1.012760e+000
1.013277e+000
1.013798e+000
1.014324e+000
1.014854e+000
1.015390e+000
1.015930e+000
1.016477e+000
1.017029e+000
1.017587e+000
1.018152e+000
1.018724e+000
1.019304e+000
1.019891e+000
1.020487e+000
1.021093e+000
1.021707e+000
1.022332e+000
1.022968e+000
1.023615e+000
1.024275e+000
1.024948e+000
1.025635e+000
1.026338e+000
1.027056e+000
1.027793e+000
1.028548e+000
1.029324e+000
1.030122e+000
1.030943e+000
1.031791e+000
1.032667e+000
1.033574e+000
1.034514e+000
1.035490e+000
1.036507e+000
1.037567e+000
1.038674e+000
1.039833e+000
1.041047e+000
1.042317e+000
1.043645e+000
1.045026e+000
1.046450e+000
1.047896e+000
1.049332e+000
1.050722e+000
1.052032e+000
1.053242e+000
1.054345e+000
-7.483264e-005
-1.509269e-004
-2.283493e-004
-3.071270e-004
-3.872853e-004
-4.688350e-004
-5.517943e-004
-6.361819e-004
-7.220170e-004
-8.093187e-004
-8.981071e-004
-9.884027e-004
-1.080227e-003
-1.173603e-003
-1.268552e-003
-1.365099e-003
-1.463268e-003
-1.563085e-003
-1.664576e-003
-1.767768e-003
-1.872691e-003
-1.979372e-003
-2.087843e-003
-2.198136e-003
-2.310284e-003
-2.424320e-003
-2.540281e-003
-2.658203e-003
-2.778125e-003
-2.900086e-003
-3.024130e-003
-3.150299e-003
-3.278638e-003
-3.409194e-003
-3.542017e-003
-3.677159e-003
-3.814672e-003
-3.954612e-003
-4.097039e-003
-4.242013e-003
-4.389598e-003
-4.539862e-003
-4.692875e-003
-4.848711e-003
-5.007446e-003
-5.169163e-003
-5.333947e-003
-5.501889e-003
-5.673082e-003
-5.847627e-003
-6.025630e-003
-6.207169e-003
-6.392426e-003
-6.581496e-003
-6.774512e-003
-6.971616e-003
-7.172957e-003
-7.378695e-003
-7.589002e-003
-7.804059e-003
-8.024062e-003
-8.249221e-003
-8.479759e-003
-8.715920e-003
-8.957963e-003
-9.206172e-003
-9.460851e-003
-9.722333e-003
-9.990977e-003
-1.026718e-002
-1.055137e-002
-1.084402e-002
-1.114565e-002
-1.145684e-002
-1.177823e-002
-1.211052e-002
-1.245451e-002
-1.281108e-002
-1.318125e-002
-1.356615e-002
-1.396706e-002
-1.438546e-002
-1.482307e-002
-1.528183e-002
-1.576405e-002
-1.627240e-002
-1.681007e-002
-1.738082e-002
-1.798907e-002
-1.864005e-002
-1.933992e-002
-2.009570e-002
-2.091511e-002
-2.180602e-002
-2.277518e-002
-2.382648e-002
-2.496006e-002
-2.617332e-002
-2.746429e-002
-2.883266e-002
3.400842e+000
3.435667e+000
3.461846e+000
3.478827e+000
3.487295e+000
3.494249e+000
3.501088e+000
3.507823e+000
3.514444e+000
3.520940e+000
3.527309e+000
3.533546e+000
3.539651e+000
3.545623e+000
3.551462e+000
3.557169e+000
3.562745e+000
3.568193e+000
3.573515e+000
3.578713e+000
3.583790e+000
3.588750e+000
3.593595e+000
3.598330e+000
3.602959e+000
3.607485e+000
3.611912e+000
3.616244e+000
3.620487e+000
3.624644e+000
3.628720e+000
3.632720e+000
3.636648e+000
3.640511e+000
3.644312e+000
3.648058e+000
3.651754e+000
3.655405e+000
3.659017e+000
3.662596e+000
3.666147e+000
3.669678e+000
3.673194e+000
3.676703e+000
3.680210e+000
3.683723e+000
3.687248e+000
3.690794e+000
3.694368e+000
3.697977e+000
3.701630e+000
3.705296e+000
3.709100e+000
3.712937e+000
3.716853e+000
3.720858e+000
3.724963e+000
3.729179e+000
3.733516e+000
3.737987e+000
3.742604e+000
3.747380e+000
3.752330e+000
3.757467e+000
3.762807e+000
3.768366e+000
3.774162e+000
3.780213e+000
3.786539e+000
3.793160e+000
3.800099e+000
3.807381e+000
3.815030e+000
3.823075e+000
3.831547e+000
3.840477e+000
3.849902e+000
3.859859e+000
3.870393e+000
3.881547e+000
3.893374e+000
3.905928e+000
3.919271e+000
3.933467e+000
3.948588e+000
3.964667e+000
3.981588e+000
3.999165e+000
4.017171e+000
4.035335e+000
4.053325e+000
4.070911e+000
4.088041e+000
4.104577e+000
4.120193e+000
4.134445e+000
4.146992e+000
4.157867e+000
4.167572e+000
4.176617e+000
8.205329e-003
8.225561e-003
8.197044e-003
8.167491e-003
8.140003e-003
8.122820e-003
8.106844e-003
8.091672e-003
8.077019e-003
8.062698e-003
8.048686e-003
8.035009e-003
8.021698e-003
8.008770e-003
7.996225e-003
7.984080e-003
7.972370e-003
7.961133e-003
7.950403e-003
7.940215e-003
7.930584e-003
7.921544e-003
7.913118e-003
7.905330e-003
7.898205e-003
7.891765e-003
7.886034e-003
7.881031e-003
7.876781e-003
7.873305e-003
7.870625e-003
7.868761e-003
7.867737e-003
7.867574e-003
7.868296e-003
7.869925e-003
7.872488e-003
7.876007e-003
7.880510e-003
7.886022e-003
7.892572e-003
7.900187e-003
7.908898e-003
7.918734e-003
7.929729e-003
7.941916e-003
7.955329e-003
7.970005e-003
7.985982e-003
8.003301e-003
8.022004e-003
8.038374e-003
8.063741e-003
8.086903e-003
8.111625e-003
8.137985e-003
8.166045e-003
8.195874e-003
8.227544e-003
8.261130e-003
8.296719e-003
8.334401e-003
8.374279e-003
8.416464e-003
8.461078e-003
8.508255e-003
8.558142e-003
8.610901e-003
8.666709e-003
8.725760e-003
8.788267e-003
8.854464e-003
8.924607e-003
8.998977e-003
9.077881e-003
9.161656e-003
9.250670e-003
9.345323e-003
9.446051e-003
9.553322e-003
9.667637e-003
9.789518e-003
9.919502e-003
1.005811e-002
1.020580e-002
1.036275e-002
1.052940e-002
1.070529e-002
1.088851e-002
1.107604e-002
1.126232e-002
1.143806e-002
1.158719e-002
1.168590e-002
1.170010e-002
1.159366e-002
1.134650e-002
1.097094e-002
1.051153e-002
1.001034e-002
6.097653e-003
6.110566e-003
6.089572e-003
6.070669e-003
6.055031e-003
6.039881e-003
6.025806e-003
6.012653e-003
6.000170e-003
5.988180e-003
5.976630e-003
5.965507e-003
5.954810e-003
5.944525e-003
5.934632e-003
5.925127e-003
5.916020e-003
5.907325e-003
5.899059e-003
5.891236e-003
5.883862e-003
5.876952e-003
5.870521e-003
5.864580e-003
5.859143e-003
5.854223e-003
5.849834e-003
5.845990e-003
5.842704e-003
5.839989e-003
5.837861e-003
5.836332e-003
5.835417e-003
5.835130e-003
5.835488e-003
5.836504e-003
5.838196e-003
5.840581e-003
5.843675e-003
5.847497e-003
5.852066e-003
5.857403e-003
5.863527e-003
5.870462e-003
5.878231e-003
5.886859e-003
5.896372e-003
5.906799e-003
5.918169e-003
5.930515e-003
5.943870e-003
5.955470e-003
5.973758e-003
5.990388e-003
6.008174e-003
6.027176e-003
6.047446e-003
6.069039e-003
6.092012e-003
6.116426e-003
6.142350e-003
6.169856e-003
6.199024e-003
6.229938e-003
6.262694e-003
6.297391e-003
6.334142e-003
6.373068e-003
6.414299e-003
6.457981e-003
6.504272e-003
6.553343e-003
6.605385e-003
6.660603e-003
6.719226e-003
6.781502e-003
6.847702e-003
6.918123e-003
6.993087e-003
7.072941e-003
7.158057e-003
7.248824e-003
7.345640e-003
7.448897e-003
7.558933e-003
7.676092e-003
7.800805e-003
7.932663e-003
8.070238e-003
8.211325e-003
8.351819e-003
8.484279e-003
8.596651e-003
8.671302e-003
8.682981e-003
8.604953e-003
8.422352e-003
8.144376e-003
7.804107e-003
7.432779e-003
3.429405e+000
3.464304e+000
3.490421e+000
3.507307e+000
3.515661e+000
3.522507e+000
3.529235e+000
3.535858e+000
3.542365e+000
3.548749e+000
3.555005e+000
3.561131e+000
3.567124e+000
3.572986e+000
3.578714e+000
3.584311e+000
3.589777e+000
3.595114e+000
3.600325e+000
3.605411e+000
3.610376e+000
3.615221e+000
3.619952e+000
3.624570e+000
3.629079e+000
3.633483e+000
3.637787e+000
3.641993e+000
3.646106e+000
3.650130e+000
3.654069e+000
3.657929e+000
3.661714e+000
3.665428e+000
3.669076e+000
3.672664e+000
3.676197e+000
3.679679e+000
3.683117e+000
3.686515e+000
3.689880e+000
3.693218e+000
3.696534e+000
3.699835e+000
3.703126e+000
3.706416e+000
3.709709e+000
3.713014e+000
3.716337e+000
3.719686e+000
3.723068e+000
3.726477e+000
3.729963e+000
3.733494e+000
3.737091e+000
3.740765e+000
3.744523e+000
3.748377e+000
3.752337e+000
3.756414e+000
3.760619e+000
3.764964e+000
3.769461e+000
3.774126e+000
3.778970e+000
3.784009e+000
3.789258e+000
3.794735e+000
3.800456e+000
3.806441e+000
3.812709e+000
3.819282e+000
3.826182e+000
3.833435e+000
3.841066e+000
3.849105e+000
3.857582e+000
3.866530e+000
3.875987e+000
3.885991e+000
3.896587e+000
3.907820e+000
3.919744e+000
3.932413e+000
3.945889e+000
3.960191e+000
3.975186e+000
3.990683e+000
4.006449e+000
4.022217e+000
4.037669e+000
4.052625e+000
4.067124e+000
4.081178e+000
4.094706e+000
4.107550e+000
4.119566e+000
4.130747e+000
4.141274e+000
4.151341e+000
3.429398e+000
3.464297e+000
3.490415e+000
3.507301e+000
3.515655e+000
3.522501e+000
3.529229e+000
3.535852e+000
3.542359e+000
3.548743e+000
3.554999e+000
3.561124e+000
3.567118e+000
3.572979e+000
3.578708e+000
3.584304e+000
3.589770e+000
3.595108e+000
3.600318e+000
3.605404e+000
3.610369e+000
3.615215e+000
3.619945e+000
3.624563e+000
3.629073e+000
3.633477e+000
3.637780e+000
3.641986e+000
3.646099e+000
3.650123e+000
3.654063e+000
3.657922e+000
3.661707e+000
3.665421e+000
3.669069e+000
3.672657e+000
3.676190e+000
3.679672e+000
3.683110e+000
3.686508e+000
3.689873e+000
3.693211e+000
3.696527e+000
3.699828e+000
3.703119e+000
3.706409e+000
3.709702e+000
3.713007e+000
3.716330e+000
3.719679e+000
3.723061e+000
3.726470e+000
3.729956e+000
3.733486e+000
3.737084e+000
3.740757e+000
3.744516e+000
3.748370e+000
3.752330e+000
3.756406e+000
3.760611e+000
3.764956e+000
3.769454e+000
3.774118e+000
3.778962e+000
3.784001e+000
3.789250e+000
3.794727e+000
3.800448e+000
3.806433e+000
3.812701e+000
3.819274e+000
3.826174e+000
3.833426e+000
3.841058e+000
3.849096e+000
3.857573e+000
3.866521e+000
3.875978e+000
3.885982e+000
3.896577e+000
3.907811e+000
3.919734e+000
3.932404e+000
3.945879e+000
3.960181e+000
3.975176e+000
3.990672e+000
4.006439e+000
4.022206e+000
4.037659e+000
4.052614e+000
4.067113e+000
4.081167e+000
4.094694e+000
4.107538e+000
4.119555e+000
4.130736e+000
4.141264e+000
4.151331e+000
2.655670e+000
2.655408e+000
2.659422e+000
2.656972e+000
2.650465e+000
2.665016e+000
2.679242e+000
2.692683e+000
2.705347e+000
2.717270e+000
2.728533e+000
2.739225e+000
2.749426e+000
2.759204e+000
2.768615e+000
2.777711e+000
2.786548e+000
2.795175e+000
2.803637e+000
2.811974e+000
2.820218e+000
2.828403e+000
2.836558e+000
2.844710e+000
2.852886e+000
2.861108e+000
2.869400e+000
2.877784e+000
2.886282e+000
2.894913e+000
2.903699e+000
2.912660e+000
2.921816e+000
2.931187e+000
2.940793e+000
2.950656e+000
2.960794e+000
2.971230e+000
2.981984e+000
2.993076e+000
3.004527e+000
3.016358e+000
3.028588e+000
3.041237e+000
3.054325e+000
3.067869e+000
3.081888e+000
3.096398e+000
3.111416e+000
3.126958e+000
3.143038e+000
3.158221e+000
3.176864e+000
3.194646e+000
3.213023e+000
3.232010e+000
3.251624e+000
3.271885e+000
3.292813e+000
3.314430e+000
3.336761e+000
3.359836e+000
3.383689e+000
3.408360e+000
3.433897e+000
3.460352e+000
3.487786e+000
3.516267e+000
3.545873e+000
3.576689e+000
3.608811e+000
3.642344e+000
3.677406e+000
3.714122e+000
3.752635e+000
3.793095e+000
3.835669e+000
3.880539e+000
3.927898e+000
3.977957e+000
4.030936e+000
4.087068e+000
4.146589e+000
4.209727e+000
4.276677e+000
4.346893e+000
4.420254e+000
4.496769e+000
4.575706e+000
4.655732e+000
4.734469e+000
4.809718e+000
4.875183e+000
4.920650e+000
4.931444e+000
4.891880e+000
4.792938e+000
4.639345e+000
4.449546e+000
4.241119e+000
2.700688e+000
2.698614e+000
2.707488e+000
2.726345e+000
2.751443e+000
2.754449e+000
2.757898e+000
2.762209e+000
2.767198e+000
2.772713e+000
2.778662e+000
2.784981e+000
2.791616e+000
2.798515e+000
2.805629e+000
2.812924e+000
2.820377e+000
2.827971e+000
2.835696e+000
2.843543e+000
2.851502e+000
2.859570e+000
2.867746e+000
2.876029e+000
2.884418e+000
2.892917e+000
2.901528e+000
2.910253e+000
2.919097e+000
2.928062e+000
2.937154e+000
2.946375e+000
2.955731e+000
2.965226e+000
2.974864e+000
2.984650e+000
2.994590e+000
3.004690e+000
3.014956e+000
3.025396e+000
3.036017e+000
3.046829e+000
3.057843e+000
3.069072e+000
3.080530e+000
3.092234e+000
3.104203e+000
3.116459e+000
3.129026e+000
3.141933e+000
3.155210e+000
3.167317e+000
3.183022e+000
3.197624e+000
3.212749e+000
3.228444e+000
3.244756e+000
3.261732e+000
3.279424e+000
3.297889e+000
3.317185e+000
3.337372e+000
3.358510e+000
3.380666e+000
3.403903e+000
3.428293e+000
3.453906e+000
3.480817e+000
3.509106e+000
3.538858e+000
3.570163e+000
3.603116e+000
3.637825e+000
3.674402e+000
3.712972e+000
3.753672e+000
3.796649e+000
3.842068e+000
3.890104e+000
3.940949e+000
3.994808e+000
4.051897e+000
4.112434e+000
4.176635e+000
4.244687e+000
4.317536e+000
4.395786e+000
4.478922e+000
4.565988e+000
4.655711e+000
4.745646e+000
4.829223e+000
4.898649e+000
4.943596e+000
4.949448e+000
4.901069e+000
4.790661e+000
4.624683e+000
4.423333e+000
4.205268e+000
5.010458e-003
5.021430e-003
5.003908e-003
4.988296e-003
4.975521e-003
4.962647e-003
4.950693e-003
4.939541e-003
4.928980e-003
4.918858e-003
4.909127e-003
4.899773e-003
4.890789e-003
4.882162e-003
4.873870e-003
4.865910e-003
4.858285e-003
4.851008e-003
4.844088e-003
4.837537e-003
4.831358e-003
4.825564e-003
4.820164e-003
4.815168e-003
4.810587e-003
4.806431e-003
4.802712e-003
4.799439e-003
4.796625e-003
4.794281e-003
4.792417e-003
4.791045e-003
4.790177e-003
4.789826e-003
4.790003e-003
4.790721e-003
4.791994e-003
4.793835e-003
4.796260e-003
4.799282e-003
4.802918e-003
4.807185e-003
4.812099e-003
4.817679e-003
4.823944e-003
4.830916e-003
4.838616e-003
4.847067e-003
4.856295e-003
4.866325e-003
4.877186e-003
4.886611e-003
4.901525e-003
4.915084e-003
4.929595e-003
4.945110e-003
4.961671e-003
4.979322e-003
4.998112e-003
5.018092e-003
5.039319e-003
5.061851e-003
5.085756e-003
5.111103e-003
5.137970e-003
5.166441e-003
5.196608e-003
5.228570e-003
5.262436e-003
5.298325e-003
5.336367e-003
5.376705e-003
5.419493e-003
5.464903e-003
5.513122e-003
5.564354e-003
5.618824e-003
5.676776e-003
5.738476e-003
5.804211e-003
5.874288e-003
5.949027e-003
6.028760e-003
6.113810e-003
6.204461e-003
6.301013e-003
6.403834e-003
6.512591e-003
6.626121e-003
6.742628e-003
6.858757e-003
6.968377e-003
7.061604e-003
7.123981e-003
7.134782e-003
7.072032e-003
6.923448e-003
6.696470e-003
6.418174e-003
6.114157e-003
3.689042e-003
3.697614e-003
3.684220e-003
3.672217e-003
3.662350e-003
3.652456e-003
3.643279e-003
3.634729e-003
3.626644e-003
3.618910e-003
3.611486e-003
3.604359e-003
3.597521e-003
3.590959e-003
3.584655e-003
3.578603e-003
3.572805e-003
3.567267e-003
3.561997e-003
3.557000e-003
3.552279e-003
3.547842e-003
3.543695e-003
3.539846e-003
3.536302e-003
3.533070e-003
3.530159e-003
3.527576e-003
3.525330e-003
3.523430e-003
3.521884e-003
3.520700e-003
3.519888e-003
3.519456e-003
3.519414e-003
3.519772e-003
3.520540e-003
3.521729e-003
3.523349e-003
3.525411e-003
3.527928e-003
3.530912e-003
3.534377e-003
3.538334e-003
3.542801e-003
3.547791e-003
3.553321e-003
3.559409e-003
3.566073e-003
3.573332e-003
3.581209e-003
3.588040e-003
3.598903e-003
3.608782e-003
3.619367e-003
3.630697e-003
3.642803e-003
3.655719e-003
3.669479e-003
3.684122e-003
3.699690e-003
3.716227e-003
3.733781e-003
3.752406e-003
3.772158e-003
3.793099e-003
3.815299e-003
3.838829e-003
3.863772e-003
3.890214e-003
3.918254e-003
3.947995e-003
3.979554e-003
4.013057e-003
4.048644e-003
4.086466e-003
4.126690e-003
4.169497e-003
4.215085e-003
4.263669e-003
4.315476e-003
4.370746e-003
4.429728e-003
4.492663e-003
4.559768e-003
4.631270e-003
4.707450e-003
4.788075e-003
4.872306e-003
4.958842e-003
5.045241e-003
5.127026e-003
5.196962e-003
5.244446e-003
5.254247e-003
5.210154e-003
5.103002e-003
4.938080e-003
4.735151e-003
4.512961e-003
2.470389e-003
2.476763e-003
2.467288e-003
2.458722e-003
2.451635e-003
2.444582e-003
2.438049e-003
2.431973e-003
2.426240e-003
2.420769e-003
2.415531e-003
2.410511e-003
2.405700e-003
2.401088e-003
2.396661e-003
2.392410e-003
2.388337e-003
2.384443e-003
2.380732e-003
2.377207e-003
2.373868e-003
2.370719e-003
2.367766e-003
2.365011e-003
2.362460e-003
2.360118e-003
2.357990e-003
2.356081e-003
2.354398e-003
2.352946e-003
2.351730e-003
2.350758e-003
2.350034e-003
2.349566e-003
2.349361e-003
2.349424e-003
2.349764e-003
2.350387e-003
2.351301e-003
2.352515e-003
2.354035e-003
2.355871e-003
2.358032e-003
2.360527e-003
2.363367e-003
2.366561e-003
2.370122e-003
2.374060e-003
2.378389e-003
2.383121e-003
2.388272e-003
2.392736e-003
2.399889e-003
2.406398e-003
2.413385e-003
2.420877e-003
2.428896e-003
2.437462e-003
2.446601e-003
2.456339e-003
2.466703e-003
2.477723e-003
2.489433e-003
2.501867e-003
2.515065e-003
2.529069e-003
2.543924e-003
2.559681e-003
2.576394e-003
2.594123e-003
2.612933e-003
2.632895e-003
2.654088e-003
2.676598e-003
2.700519e-003
2.725954e-003
2.753016e-003
2.781829e-003
2.812527e-003
2.845256e-003
2.880171e-003
2.917438e-003
2.957226e-003
2.999702e-003
3.045018e-003
3.093334e-003
3.144846e-003
3.199412e-003
3.256488e-003
3.315224e-003
3.374015e-003
3.429899e-003
3.478075e-003
3.511487e-003
3.519959e-003
3.492603e-003
3.423156e-003
3.314965e-003
3.181087e-003
3.033978e-003
7.043571e-005
7.070065e-005
7.037277e-005
7.006871e-005
6.981278e-005
6.956167e-005
6.933020e-005
6.911602e-005
6.891535e-005
6.872536e-005
6.854472e-005
6.837263e-005
6.820847e-005
6.805156e-005
6.790119e-005
6.775691e-005
6.761848e-005
6.748577e-005
6.735871e-005
6.723725e-005
6.712129e-005
6.701088e-005
6.690607e-005
6.680694e-005
6.671359e-005
6.662613e-005
6.654473e-005
6.646953e-005
6.640072e-005
6.633848e-005
6.628300e-005
6.623447e-005
6.619312e-005
6.615915e-005
6.613280e-005
6.611428e-005
6.610384e-005
6.610172e-005
6.610817e-005
6.612346e-005
6.614784e-005
6.618159e-005
6.622501e-005
6.627839e-005
6.634204e-005
6.641630e-005
6.650151e-005
6.659803e-005
6.670625e-005
6.682657e-005
6.695944e-005
6.707412e-005
6.726456e-005
6.743819e-005
6.762612e-005
6.782918e-005
6.804801e-005
6.828328e-005
6.853570e-005
6.880605e-005
6.909515e-005
6.940390e-005
6.973329e-005
7.008436e-005
7.045827e-005
7.085627e-005
7.127974e-005
7.173015e-005
7.220915e-005
7.271851e-005
7.326019e-005
7.383632e-005
7.444926e-005
7.510158e-005
7.579612e-005
7.653600e-005
7.732464e-005
7.816579e-005
7.906355e-005
8.002237e-005
8.104707e-005
8.214277e-005
8.331482e-005
8.456863e-005
8.590925e-005
8.734220e-005
8.887424e-005
9.050280e-005
9.221432e-005
9.398694e-005
9.577791e-005
9.750631e-005
9.903928e-005
1.001792e-004
1.006372e-004
1.000972e-004
9.836599e-005
9.551828e-005
9.190955e-005
8.788587e-005
2.857685e-002
2.865046e-002
2.858860e-002
2.849461e-002
2.838026e-002
2.827249e-002
2.816195e-002
2.804920e-002
2.793581e-002
2.782290e-002
2.771066e-002
2.759901e-002
2.748780e-002
2.737696e-002
2.726650e-002
2.715629e-002
2.704612e-002
2.693572e-002
2.682482e-002
2.671315e-002
2.660052e-002
2.648666e-002
2.637132e-002
2.625425e-002
2.613519e-002
2.601390e-002
2.589011e-002
2.576358e-002
2.563403e-002
2.550123e-002
2.536491e-002
2.522481e-002
2.508067e-002
2.493223e-002
2.477921e-002
2.462134e-002
2.445833e-002
2.428990e-002
2.411575e-002
2.393557e-002
2.374905e-002
2.355585e-002
2.335564e-002
2.314806e-002
2.293273e-002
2.270927e-002
2.247725e-002
2.223626e-002
2.198582e-002
2.172546e-002
2.145465e-002
2.119745e-002
2.087948e-002
2.057391e-002
2.025548e-002
1.992350e-002
1.957720e-002
1.921579e-002
1.883841e-002
1.844411e-002
1.803190e-002
1.760068e-002
1.714928e-002
1.667639e-002
1.618063e-002
1.566045e-002
1.511418e-002
1.453997e-002
1.393580e-002
1.329945e-002
1.262845e-002
1.192010e-002
1.117137e-002
1.037894e-002
9.539061e-003
8.647600e-003
7.699914e-003
6.690817e-003
5.614500e-003
4.464453e-003
3.233394e-003
1.913186e-003
4.947858e-004
-1.031788e-003
-2.677299e-003
-4.454305e-003
-6.378363e-003
-8.458944e-003
-1.069831e-002
-1.309467e-002
-1.563126e-002
-1.826078e-002
-2.089152e-002
-2.337286e-002
-2.546145e-002
-2.686997e-002
-2.740101e-002
-2.709547e-002
-2.627552e-002
-2.525447e-002
2.856847e-002
2.864207e-002
2.858018e-002
2.848616e-002
2.837178e-002
2.826397e-002
2.815341e-002
2.804062e-002
2.792720e-002
2.781426e-002
2.770199e-002
2.759031e-002
2.747907e-002
2.736820e-002
2.725771e-002
2.714748e-002
2.703728e-002
2.692685e-002
2.681592e-002
2.670422e-002
2.659157e-002
2.647768e-002
2.636231e-002
2.624521e-002
2.612613e-002
2.600480e-002
2.588099e-002
2.575442e-002
2.562485e-002
2.549202e-002
2.535566e-002
2.521554e-002
2.507137e-002
2.492289e-002
2.476984e-002
2.461193e-002
2.444889e-002
2.428043e-002
2.410624e-002
2.392603e-002
2.373947e-002
2.354623e-002
2.334598e-002
2.313836e-002
2.292299e-002
2.269949e-002
2.246743e-002
2.222639e-002
2.197591e-002
2.171550e-002
2.144465e-002
2.118740e-002
2.086937e-002
2.056375e-002
2.024527e-002
1.991323e-002
1.956688e-002
1.920541e-002
1.882796e-002
1.843360e-002
1.802132e-002
1.759004e-002
1.713856e-002
1.666560e-002
1.616976e-002
1.564950e-002
1.510314e-002
1.452885e-002
1.392459e-002
1.328814e-002
1.261705e-002
1.190859e-002
1.115976e-002
1.036720e-002
9.527210e-003
8.635622e-003
7.687804e-003
6.678567e-003
5.602102e-003
4.451900e-003
3.220676e-003
1.900294e-003
4.817094e-004
-1.045060e-003
-2.690777e-003
-4.468002e-003
-6.392290e-003
-8.473114e-003
-1.071273e-002
-1.310935e-002
-1.564619e-002
-1.827594e-002
-2.090688e-002
-2.338833e-002
-2.547692e-002
-2.688527e-002
-2.741595e-002
-2.710988e-002
-2.628929e-002
-2.526755e-002
-3.166041e+000
-3.171802e+000
-3.183592e+000
-3.196958e+000
-3.211287e+000
-3.224715e+000
-3.237955e+000
-3.251012e+000
-3.263811e+000
-3.276308e+000
-3.288523e+000
-3.300493e+000
-3.312255e+000
-3.323837e+000
-3.335262e+000
-3.346554e+000
-3.357747e+000
-3.368872e+000
-3.379958e+000
-3.391033e+000
-3.402115e+000
-3.413229e+000
-3.424395e+000
-3.435632e+000
-3.446956e+000
-3.458384e+000
-3.469931e+000
-3.481612e+000
-3.493441e+000
-3.505430e+000
-3.517593e+000
-3.529942e+000
-3.542488e+000
-3.555245e+000
-3.568225e+000
-3.581439e+000
-3.594901e+000
-3.608625e+000
-3.622622e+000
-3.636908e+000
-3.651497e+000
-3.666404e+000
-3.681645e+000
-3.697237e+000
-3.713198e+000
-3.729547e+000
-3.746302e+000
-3.763486e+000
-3.781120e+000
-3.799228e+000
-3.817835e+000
-3.835119e+000
-3.856657e+000
-3.876930e+000
-3.897818e+000
-3.919356e+000
-3.941580e+000
-3.964528e+000
-3.988240e+000
-4.012761e+000
-4.038136e+000
-4.064416e+000
-4.091656e+000
-4.119913e+000
-4.149251e+000
-4.179738e+000
-4.211450e+000
-4.244465e+000
-4.278872e+000
-4.314765e+000
-4.352248e+000
-4.391434e+000
-4.432445e+000
-4.475415e+000
-4.520490e+000
-4.567828e+000
-4.617602e+000
-4.669999e+000
-4.725221e+000
-4.783481e+000
-4.845006e+000
-4.910030e+000
-4.978784e+000
-5.051485e+000
-5.128304e+000
-5.209408e+000
-5.295002e+000
-5.384668e+000
-5.477251e+000
-5.571017e+000
-5.662859e+000
-5.747265e+000
-5.815520e+000
-5.855094e+000
-5.848439e+000
-5.777595e+000
-5.633673e+000
-5.424942e+000
-5.175752e+000
-4.908443e+000
-2.894746e+000
-2.886342e+000
-2.889134e+000
-2.894333e+000
-2.901040e+000
-2.907478e+000
-2.914238e+000
-2.921267e+000
-2.928443e+000
-2.935677e+000
-2.942938e+000
-2.950216e+000
-2.957504e+000
-2.964792e+000
-2.972066e+000
-2.979320e+000
-2.986559e+000
-2.993789e+000
-3.001018e+000
-3.008256e+000
-3.015508e+000
-3.022784e+000
-3.030097e+000
-3.037457e+000
-3.044876e+000
-3.052368e+000
-3.059947e+000
-3.067625e+000
-3.075418e+000
-3.083340e+000
-3.091406e+000
-3.099631e+000
-3.108030e+000
-3.116620e+000
-3.125416e+000
-3.134434e+000
-3.143692e+000
-3.153205e+000
-3.162992e+000
-3.173069e+000
-3.183455e+000
-3.194169e+000
-3.205229e+000
-3.216655e+000
-3.228468e+000
-3.240688e+000
-3.253338e+000
-3.266441e+000
-3.280020e+000
-3.294102e+000
-3.308712e+000
-3.322308e+000
-3.339635e+000
-3.356005e+000
-3.373025e+000
-3.390730e+000
-3.409156e+000
-3.428342e+000
-3.448329e+000
-3.469163e+000
-3.490889e+000
-3.513559e+000
-3.537228e+000
-3.561956e+000
-3.587807e+000
-3.614850e+000
-3.643162e+000
-3.672824e+000
-3.703926e+000
-3.736567e+000
-3.770851e+000
-3.806897e+000
-3.844831e+000
-3.884794e+000
-3.926939e+000
-3.971434e+000
-4.018463e+000
-4.068227e+000
-4.120947e+000
-4.176861e+000
-4.236225e+000
-4.299312e+000
-4.366405e+000
-4.437789e+000
-4.513727e+000
-4.594502e+000
-4.680460e+000
-4.771441e+000
-4.866691e+000
-4.964998e+000
-5.064011e+000
-5.159319e+000
-5.243694e+000
-5.306425e+000
-5.331916e+000
-5.303250e+000
-5.210290e+000
-5.057423e+000
-4.864022e+000
-4.648751e+000
-1.111595e-001
-1.106526e-001
-1.102326e-001
-1.098487e-001
-1.094911e-001
-1.091360e-001
-1.087904e-001
-1.084532e-001
-1.081222e-001
-1.077962e-001
-1.074745e-001
-1.071568e-001
-1.068429e-001
-1.065325e-001
-1.062255e-001
-1.059217e-001
-1.056210e-001
-1.053237e-001
-1.050296e-001
-1.047390e-001
-1.044518e-001
-1.041682e-001
-1.038883e-001
-1.036122e-001
-1.033400e-001
-1.030719e-001
-1.028079e-001
-1.025483e-001
-1.022932e-001
-1.020427e-001
-1.017970e-001
-1.015563e-001
-1.013206e-001
-1.010901e-001
-1.008650e-001
-1.006454e-001
-1.004315e-001
-1.002236e-001
-1.000216e-001
-9.982588e-002
-9.963657e-002
-9.945385e-002
-9.927793e-002
-9.910903e-002
-9.894738e-002
-9.879321e-002
-9.864679e-002
-9.850839e-002
-9.837830e-002
-9.825684e-002
-9.814436e-002
-9.802435e-002
-9.794816e-002
-9.786497e-002
-9.779243e-002
-9.773105e-002
-9.768140e-002
-9.764408e-002
-9.761976e-002
-9.760917e-002
-9.761312e-002
-9.763249e-002
-9.766827e-002
-9.772155e-002
-9.779355e-002
-9.788562e-002
-9.799927e-002
-9.813618e-002
-9.829826e-002
-9.848762e-002
-9.870669e-002
-9.895819e-002
-9.924519e-002
-9.957123e-002
-9.994034e-002
-1.003571e-001
-1.008269e-001
-1.013559e-001
-1.019511e-001
-1.026210e-001
-1.033753e-001
-1.042255e-001
-1.051850e-001
-1.062699e-001
-1.074989e-001
-1.088955e-001
-1.104893e-001
-1.123102e-001
-1.143881e-001
-1.167575e-001
-1.194493e-001
-1.224765e-001
-1.258174e-001
-1.293920e-001
-1.330019e-001
-1.363458e-001
-1.391482e-001
-1.413632e-001
-1.433096e-001
-1.453249e-001
-1.060782e-001
-1.055844e-001
-1.052051e-001
-1.048581e-001
-1.045332e-001
-1.042105e-001
-1.038957e-001
-1.035879e-001
-1.032853e-001
-1.029868e-001
-1.026919e-001
-1.024002e-001
-1.021118e-001
-1.018262e-001
-1.015435e-001
-1.012633e-001
-1.009858e-001
-1.007111e-001
-1.004391e-001
-1.001699e-001
-9.990365e-002
-9.964040e-002
-9.938026e-002
-9.912334e-002
-9.886975e-002
-9.861962e-002
-9.837308e-002
-9.813024e-002
-9.789126e-002
-9.765625e-002
-9.742536e-002
-9.719872e-002
-9.697647e-002
-9.675874e-002
-9.654567e-002
-9.633742e-002
-9.613414e-002
-9.593596e-002
-9.574305e-002
-9.555557e-002
-9.537369e-002
-9.519757e-002
-9.502742e-002
-9.486341e-002
-9.470575e-002
-9.455465e-002
-9.441036e-002
-9.427311e-002
-9.414317e-002
-9.402082e-002
-9.390637e-002
-9.378594e-002
-9.370283e-002
-9.361418e-002
-9.353494e-002
-9.346555e-002
-9.340651e-002
-9.335838e-002
-9.332173e-002
-9.329724e-002
-9.328561e-002
-9.328765e-002
-9.330423e-002
-9.333634e-002
-9.338504e-002
-9.345157e-002
-9.353727e-002
-9.364365e-002
-9.377241e-002
-9.392546e-002
-9.410497e-002
-9.431337e-002
-9.455344e-002
-9.482835e-002
-9.514171e-002
-9.549769e-002
-9.590108e-002
-9.635742e-002
-9.687317e-002
-9.745586e-002
-9.811430e-002
-9.885890e-002
-9.970190e-002
-1.006579e-001
-1.017440e-001
-1.029817e-001
-1.043980e-001
-1.060209e-001
-1.078787e-001
-1.100048e-001
-1.124307e-001
-1.151737e-001
-1.182234e-001
-1.215203e-001
-1.249029e-001
-1.281171e-001
-1.309234e-001
-1.332741e-001
-1.354403e-001
-1.377123e-001
2.395940e+001
2.394895e+001
2.400660e+001
2.407999e+001
2.416315e+001
2.424168e+001
2.432075e+001
2.440015e+001
2.447911e+001
2.455712e+001
2.463411e+001
2.471020e+001
2.478551e+001
2.486011e+001
2.493402e+001
2.500734e+001
2.508021e+001
2.515276e+001
2.522517e+001
2.529756e+001
2.537004e+001
2.544274e+001
2.551579e+001
2.558931e+001
2.566340e+001
2.573820e+001
2.581381e+001
2.589034e+001
2.596790e+001
2.604662e+001
2.612659e+001
2.620792e+001
2.629072e+001
2.637511e+001
2.646119e+001
2.654908e+001
2.663889e+001
2.673075e+001
2.682478e+001
2.692109e+001
2.701982e+001
2.712110e+001
2.722508e+001
2.733188e+001
2.744168e+001
2.755461e+001
2.767086e+001
2.779059e+001
2.791398e+001
2.804123e+001
2.817255e+001
2.829462e+001
2.844826e+001
2.859312e+001
2.874297e+001
2.889811e+001
2.905881e+001
2.922537e+001
2.939812e+001
2.957741e+001
2.976362e+001
2.995713e+001
3.015838e+001
3.036784e+001
3.058601e+001
3.081344e+001
3.105072e+001
3.129849e+001
3.155746e+001
3.182839e+001
3.211210e+001
3.240950e+001
3.272159e+001
3.304944e+001
3.339423e+001
3.375727e+001
3.413995e+001
3.454381e+001
3.497052e+001
3.542187e+001
3.589977e+001
3.640622e+001
3.694324e+001
3.751284e+001
3.811672e+001
3.875666e+001
3.943483e+001
4.014896e+001
4.089150e+001
4.165080e+001
4.240528e+001
4.311572e+001
4.371910e+001
4.412353e+001
4.419799e+001
4.380461e+001
4.286817e+001
4.143871e+001
3.968907e+001
3.778134e+001
